param o := 2204 ;
param s := 7204 ;

set R := 1255 599 1193 1595 1510 519 2192 1384 2119 490 684 1583 1771 255 558 1863 85 1432 1843 1848 1245 1758 116 650 ;
set M := 0 1 2 3 4 5 6 7 8 9 10 11 12 13 14 15 16 17 18 19 20 21 22 23 24 25 26 27 28 29 30 31 32 33 34 35 36 37 38 39 40 41 42 43 44 45 46 47 48 49 50 51 52 53 54 55 56 57 58 59 60 61 62 63 64 65 66 67 68 69 70 71 72 73 74 75 76 77 78 79 80 81 82 83 84 85 86 87 88 89 90 91 92 93 94 95 ;
param TTI := 
0 0
1 0.25
2 0.5
3 0.75
4 1
5 1.25
6 1.5
7 1.75
8 2
9 2.25
10 2.5
11 2.75
12 3
13 3.25
14 3.5
15 3.75
16 4
17 4.25
18 4.5
19 4.75
20 5
21 5.25
22 5.5
23 5.75
24 6
25 6.25
26 6.5
27 6.75
28 7
29 7.25
30 7.5
31 7.75
32 8
33 8.25
34 8.5
35 8.75
36 9
37 9.25
38 9.5
39 9.75
40 10
41 10.25
42 10.5
43 10.75
44 11
45 11.25
46 11.5
47 11.75
48 12
49 12.25
50 12.5
51 12.75
52 13
53 13.25
54 13.5
55 13.75
56 14
57 14.25
58 14.5
59 14.75
60 15
61 15.25
62 15.5
63 15.75
64 16
65 16.25
66 16.5
67 16.75
68 17
69 17.25
70 17.5
71 17.75
72 18
73 18.25
74 18.5
75 18.75
76 19
77 19.25
78 19.5
79 19.75
80 20
81 20.25
82 20.5
83 20.75
84 21
85 21.25
86 21.5
87 21.75
88 22
89 22.25
90 22.5
91 22.75
92 23
93 23.25
94 23.5
95 23.75
;

param TTF := 
0 0.25
1 0.5
2 0.75
3 1
4 1.25
5 1.5
6 1.75
7 2
8 2.25
9 2.5
10 2.75
11 3
12 3.25
13 3.5
14 3.75
15 4
16 4.25
17 4.5
18 4.75
19 5
20 5.25
21 5.5
22 5.75
23 6
24 6.25
25 6.5
26 6.75
27 7
28 7.25
29 7.5
30 7.75
31 8
32 8.25
33 8.5
34 8.75
35 9
36 9.25
37 9.5
38 9.75
39 10
40 10.25
41 10.5
42 10.75
43 11
44 11.25
45 11.5
46 11.75
47 12
48 12.25
49 12.5
50 12.75
51 13
52 13.25
53 13.5
54 13.75
55 14
56 14.25
57 14.5
58 14.75
59 15
60 15.25
61 15.5
62 15.75
63 16
64 16.25
65 16.5
66 16.75
67 17
68 17.25
69 17.5
70 17.75
71 18
72 18.25
73 18.5
74 18.75
75 19
76 19.25
77 19.5
78 19.75
79 20
80 20.25
81 20.5
82 20.75
83 21
84 21.25
85 21.5
86 21.75
87 22
88 22.25
89 22.5
90 22.75
91 23
92 23.25
93 23.5
94 23.75
95 24
;

param tf := 
2204 0 0.1323  2204 1 0.1274  2204 2 0.1225  2204 3 0.1176  2204 4 0.1127  2204 5 0.1029  2204 6 0.098  2204 7 0.0931  2204 8 0.0931  2204 9 0.0882  2204 10 0.0833  2204 11 0.0735  2204 12 0.0588  2204 13 0.0588  2204 14 0.0637  2204 15 0.0735  2204 16 0.0931  2204 17 0.1029  2204 18 0.1029  2204 19 0.0882  2204 20 0.0637  2204 21 0.0441  2204 22 0.0441  2204 23 0.049  2204 24 0.0686  2204 25 0.0833  2204 26 0.0931  2204 27 0.1078  2204 28 0.1127  2204 29 0.1225  2204 30 0.1372  2204 31 0.147  2204 32 0.1617  2204 33 0.1666  2204 34 0.1617  2204 35 0.1519  2204 36 0.1323  2204 37 0.1176  2204 38 0.1029  2204 39 0.0931  2204 40 0.0882  2204 41 0.0833  2204 42 0.0735  2204 43 0.0637  2204 44 0.0539  2204 45 0.0539  2204 46 0.0637  2204 47 0.0784  2204 48 0.1029  2204 49 0.1225  2204 50 0.1372  2204 51 0.1421  2204 52 0.1421  2204 53 0.1421  2204 54 0.1421  2204 55 0.1519  2204 56 0.1568  2204 57 0.1617  2204 58 0.1617  2204 59 0.1519  2204 60 0.1421  2204 61 0.1323  2204 62 0.1225  2204 63 0.1127  2204 64 0.1029  2204 65 0.0931  2204 66 0.0833  2204 67 0.0686  2204 68 0.0539  2204 69 0.0392  2204 70 0.0294  2204 71 0.0245  2204 72 0.0245  2204 73 0.0294  2204 74 0.0343  2204 75 0.0392  2204 76 0.049  2204 77 0.0637  2204 78 0.0784  2204 79 0.098  2204 80 0.1225  2204 81 0.1372  2204 82 0.1372  2204 83 0.1225  2204 84 0.1029  2204 85 0.0833  2204 86 0.0637  2204 87 0.0441  2204 88 0.0294  2204 89 0.0196  2204 90 0.0098  2204 91 0.0049  2204 92 0  2204 93 0.0049  2204 94 0.0196  2204 95 0.0441  
1255 0 0.0465  1255 1 0.0372  1255 2 0.0279  1255 3 0.0279  1255 4 0.0093  1255 5 0  1255 6 0  1255 7 0.0186  1255 8 0.0279  1255 9 0.0465  1255 10 0.0558  1255 11 0.0558  1255 12 0.0558  1255 13 0.0651  1255 14 0.0744  1255 15 0.093  1255 16 0.1209  1255 17 0.1302  1255 18 0.1302  1255 19 0.1209  1255 20 0.1023  1255 21 0.093  1255 22 0.0837  1255 23 0.0837  1255 24 0.0837  1255 25 0.0837  1255 26 0.0744  1255 27 0.0465  1255 28 0.0186  1255 29 0  1255 30 0  1255 31 0.0093  1255 32 0.0372  1255 33 0.0558  1255 34 0.0744  1255 35 0.0744  1255 36 0.0651  1255 37 0.0651  1255 38 0.0744  1255 39 0.093  1255 40 0.1302  1255 41 0.1395  1255 42 0.1488  1255 43 0.1488  1255 44 0.1302  1255 45 0.1209  1255 46 0.1116  1255 47 0.1023  1255 48 0.1023  1255 49 0.1023  1255 50 0.093  1255 51 0.093  1255 52 0.0837  1255 53 0.0837  1255 54 0.093  1255 55 0.1116  1255 56 0.1302  1255 57 0.1302  1255 58 0.1395  1255 59 0.1302  1255 60 0.1116  1255 61 0.1023  1255 62 0.093  1255 63 0.0837  1255 64 0.0837  1255 65 0.0837  1255 66 0.0837  1255 67 0.0837  1255 68 0.0837  1255 69 0.0837  1255 70 0.093  1255 71 0.1023  1255 72 0.1116  1255 73 0.1209  1255 74 0.1116  1255 75 0.093  1255 76 0.0651  1255 77 0.0465  1255 78 0.0465  1255 79 0.0465  1255 80 0.0651  1255 81 0.0744  1255 82 0.0837  1255 83 0.0837  1255 84 0.0744  1255 85 0.0744  1255 86 0.0651  1255 87 0.0744  1255 88 0.0744  1255 89 0.0744  1255 90 0.0651  1255 91 0.0558  1255 92 0.0465  1255 93 0.0372  1255 94 0.0372  1255 95 0.0372  
599 0 0.2016  599 1 0.2064  599 2 0.2112  599 3 0.216  599 4 0.2256  599 5 0.2208  599 6 0.1968  599 7 0.1632  599 8 0.1056  599 9 0.072  599 10 0.0576  599 11 0.0672  599 12 0.0912  599 13 0.1104  599 14 0.1248  599 15 0.1248  599 16 0.12  599 17 0.12  599 18 0.1296  599 19 0.144  599 20 0.1728  599 21 0.1776  599 22 0.168  599 23 0.1392  599 24 0.096  599 25 0.0816  599 26 0.0864  599 27 0.1152  599 28 0.168  599 29 0.2112  599 30 0.2304  599 31 0.2352  599 32 0.2256  599 33 0.2112  599 34 0.1968  599 35 0.1776  599 36 0.1536  599 37 0.1296  599 38 0.1008  599 39 0.0624  599 40 0.024  599 41 0.0048  599 42 0  599 43 0.0144  599 44 0.0432  599 45 0.0624  599 46 0.0768  599 47 0.0768  599 48 0.0624  599 49 0.072  599 50 0.096  599 51 0.1392  599 52 0.2016  599 53 0.24  599 54 0.2592  599 55 0.2496  599 56 0.2256  599 57 0.2112  599 58 0.2112  599 59 0.2208  599 60 0.2448  599 61 0.2448  599 62 0.2256  599 63 0.1824  599 64 0.12  599 65 0.072  599 66 0.048  599 67 0.048  599 68 0.0672  599 69 0.0816  599 70 0.096  599 71 0.1008  599 72 0.1056  599 73 0.12  599 74 0.1392  599 75 0.1728  599 76 0.216  599 77 0.24  599 78 0.2448  599 79 0.2256  599 80 0.1824  599 81 0.1584  599 82 0.144  599 83 0.1536  599 84 0.1728  599 85 0.1728  599 86 0.1584  599 87 0.1248  599 88 0.072  599 89 0.048  599 90 0.048  599 91 0.0816  599 92 0.1344  599 93 0.1776  599 94 0.2016  599 95 0.2112  
1193 0 0.0408  1193 1 0.0408  1193 2 0.0408  1193 3 0.0384  1193 4 0.036  1193 5 0.036  1193 6 0.0408  1193 7 0.048  1193 8 0.0576  1193 9 0.0624  1193 10 0.0624  1193 11 0.0576  1193 12 0.0456  1193 13 0.0408  1193 14 0.036  1193 15 0.0384  1193 16 0.0432  1193 17 0.0504  1193 18 0.0552  1193 19 0.0624  1193 20 0.0672  1193 21 0.0744  1193 22 0.0816  1193 23 0.0864  1193 24 0.0936  1193 25 0.0984  1193 26 0.1008  1193 27 0.1008  1193 28 0.096  1193 29 0.0936  1193 30 0.0912  1193 31 0.0888  1193 32 0.0888  1193 33 0.084  1193 34 0.0768  1193 35 0.0696  1193 36 0.0576  1193 37 0.0504  1193 38 0.048  1193 39 0.048  1193 40 0.0528  1193 41 0.0576  1193 42 0.0576  1193 43 0.0576  1193 44 0.0552  1193 45 0.0552  1193 46 0.06  1193 47 0.0672  1193 48 0.0792  1193 49 0.0864  1193 50 0.0888  1193 51 0.0864  1193 52 0.0792  1193 53 0.072  1193 54 0.0672  1193 55 0.06  1193 56 0.0528  1193 57 0.048  1193 58 0.0408  1193 59 0.0312  1193 60 0.024  1193 61 0.0216  1193 62 0.024  1193 63 0.0312  1193 64 0.0456  1193 65 0.0552  1193 66 0.0624  1193 67 0.0648  1193 68 0.0672  1193 69 0.0696  1193 70 0.072  1193 71 0.0768  1193 72 0.0816  1193 73 0.0864  1193 74 0.0888  1193 75 0.0888  1193 76 0.0888  1193 77 0.0888  1193 78 0.0888  1193 79 0.0912  1193 80 0.0936  1193 81 0.0912  1193 82 0.084  1193 83 0.072  1193 84 0.0552  1193 85 0.0456  1193 86 0.0384  1193 87 0.0384  1193 88 0.0408  1193 89 0.0408  1193 90 0.0336  1193 91 0.024  1193 92 0.0072  1193 93 0  1193 94 0  1193 95 0.0072  
1595 0 0.147  1595 1 0.147  1595 2 0.147  1595 3 0.147  1595 4 0.14  1595 5 0.147  1595 6 0.154  1595 7 0.161  1595 8 0.168  1595 9 0.175  1595 10 0.182  1595 11 0.182  1595 12 0.175  1595 13 0.175  1595 14 0.182  1595 15 0.203  1595 16 0.217  1595 17 0.224  1595 18 0.217  1595 19 0.196  1595 20 0.161  1595 21 0.14  1595 22 0.126  1595 23 0.133  1595 24 0.147  1595 25 0.161  1595 26 0.168  1595 27 0.182  1595 28 0.189  1595 29 0.203  1595 30 0.217  1595 31 0.224  1595 32 0.238  1595 33 0.245  1595 34 0.238  1595 35 0.224  1595 36 0.203  1595 37 0.182  1595 38 0.175  1595 39 0.175  1595 40 0.182  1595 41 0.182  1595 42 0.182  1595 43 0.175  1595 44 0.168  1595 45 0.161  1595 46 0.154  1595 47 0.154  1595 48 0.161  1595 49 0.147  1595 50 0.126  1595 51 0.091  1595 52 0.042  1595 53 0.007  1595 54 0  1595 55 0.007  1595 56 0.035  1595 57 0.056  1595 58 0.077  1595 59 0.091  1595 60 0.091  1595 61 0.105  1595 62 0.126  1595 63 0.161  1595 64 0.203  1595 65 0.224  1595 66 0.238  1595 67 0.238  1595 68 0.217  1595 69 0.21  1595 70 0.203  1595 71 0.21  1595 72 0.217  1595 73 0.217  1595 74 0.203  1595 75 0.189  1595 76 0.161  1595 77 0.133  1595 78 0.112  1595 79 0.091  1595 80 0.07  1595 81 0.056  1595 82 0.049  1595 83 0.042  1595 84 0.049  1595 85 0.056  1595 86 0.07  1595 87 0.091  1595 88 0.112  1595 89 0.119  1595 90 0.119  1595 91 0.112  1595 92 0.091  1595 93 0.084  1595 94 0.084  1595 95 0.091  
1510 0 0.165  1510 1 0.165  1510 2 0.165  1510 3 0.165  1510 4 0.1584  1510 5 0.165  1510 6 0.1716  1510 7 0.1782  1510 8 0.1914  1510 9 0.198  1510 10 0.2046  1510 11 0.2046  1510 12 0.198  1510 13 0.198  1510 14 0.2112  1510 15 0.2244  1510 16 0.2442  1510 17 0.2508  1510 18 0.2442  1510 19 0.2178  1510 20 0.1848  1510 21 0.1584  1510 22 0.1452  1510 23 0.1518  1510 24 0.165  1510 25 0.1782  1510 26 0.1914  1510 27 0.2046  1510 28 0.2178  1510 29 0.231  1510 30 0.2442  1510 31 0.2574  1510 32 0.2706  1510 33 0.2772  1510 34 0.2706  1510 35 0.2508  1510 36 0.2244  1510 37 0.2046  1510 38 0.198  1510 39 0.198  1510 40 0.2046  1510 41 0.2046  1510 42 0.2046  1510 43 0.198  1510 44 0.1848  1510 45 0.1782  1510 46 0.1782  1510 47 0.1782  1510 48 0.1782  1510 49 0.165  1510 50 0.1386  1510 51 0.099  1510 52 0.0462  1510 53 0.0132  1510 54 0  1510 55 0.0132  1510 56 0.0396  1510 57 0.066  1510 58 0.0858  1510 59 0.099  1510 60 0.1056  1510 61 0.1188  1510 62 0.1452  1510 63 0.1848  1510 64 0.2244  1510 65 0.2574  1510 66 0.2706  1510 67 0.264  1510 68 0.2508  1510 69 0.2376  1510 70 0.231  1510 71 0.231  1510 72 0.2442  1510 73 0.2442  1510 74 0.231  1510 75 0.2112  1510 76 0.1848  1510 77 0.1518  1510 78 0.1254  1510 79 0.099  1510 80 0.0792  1510 81 0.0594  1510 82 0.0528  1510 83 0.0528  1510 84 0.0594  1510 85 0.066  1510 86 0.0858  1510 87 0.099  1510 88 0.1254  1510 89 0.1386  1510 90 0.1386  1510 91 0.1254  1510 92 0.1056  1510 93 0.0924  1510 94 0.0924  1510 95 0.1056  
519 0 0.0248  519 1 0.0217  519 2 0.0186  519 3 0.0186  519 4 0.0155  519 5 0.0155  519 6 0.0279  519 7 0.0434  519 8 0.0682  519 9 0.0837  519 10 0.0899  519 11 0.0868  519 12 0.0744  519 13 0.0682  519 14 0.062  519 15 0.0589  519 16 0.0651  519 17 0.062  519 18 0.0589  519 19 0.0496  519 20 0.0403  519 21 0.0341  519 22 0.0403  519 23 0.0527  519 24 0.0744  519 25 0.0806  519 26 0.0775  519 27 0.0651  519 28 0.0403  519 29 0.0217  519 30 0.0124  519 31 0.0093  519 32 0.0155  519 33 0.0217  519 34 0.0279  519 35 0.0372  519 36 0.0465  519 37 0.0589  519 38 0.0713  519 39 0.0899  519 40 0.1054  519 41 0.1147  519 42 0.1178  519 43 0.1116  519 44 0.0992  519 45 0.0899  519 46 0.0837  519 47 0.0837  519 48 0.0899  519 49 0.0837  519 50 0.0744  519 51 0.0527  519 52 0.0248  519 53 0.0093  519 54 0  519 55 0.0031  519 56 0.0155  519 57 0.0217  519 58 0.0217  519 59 0.0155  519 60 0.0062  519 61 0.0062  519 62 0.0155  519 63 0.0341  519 64 0.0651  519 65 0.0837  519 66 0.0961  519 67 0.0961  519 68 0.0868  519 69 0.0806  519 70 0.0744  519 71 0.0713  519 72 0.0682  519 73 0.0651  519 74 0.0527  519 75 0.0372  519 76 0.0186  519 77 0.0062  519 78 0.0062  519 79 0.0155  519 80 0.0341  519 81 0.0465  519 82 0.0496  519 83 0.0496  519 84 0.0403  519 85 0.0372  519 86 0.0434  519 87 0.0589  519 88 0.0837  519 89 0.0961  519 90 0.0961  519 91 0.0806  519 92 0.0558  519 93 0.0372  519 94 0.0248  519 95 0.0186  
2192 0 0.27  2192 1 0.252  2192 2 0.234  2192 3 0.225  2192 4 0.198  2192 5 0.171  2192 6 0.153  2192 7 0.135  2192 8 0.117  2192 9 0.099  2192 10 0.081  2192 11 0.054  2192 12 0.018  2192 13 0  2192 14 0  2192 15 0.018  2192 16 0.054  2192 17 0.072  2192 18 0.072  2192 19 0.054  2192 20 0.018  2192 21 0  2192 22 0.009  2192 23 0.036  2192 24 0.081  2192 25 0.117  2192 26 0.144  2192 27 0.162  2192 28 0.162  2192 29 0.171  2192 30 0.18  2192 31 0.189  2192 32 0.198  2192 33 0.207  2192 34 0.207  2192 35 0.198  2192 36 0.18  2192 37 0.171  2192 38 0.171  2192 39 0.171  2192 40 0.171  2192 41 0.171  2192 42 0.162  2192 43 0.144  2192 44 0.117  2192 45 0.099  2192 46 0.09  2192 47 0.09  2192 48 0.099  2192 49 0.099  2192 50 0.09  2192 51 0.063  2192 52 0.027  2192 53 0.009  2192 54 0.018  2192 55 0.045  2192 56 0.09  2192 57 0.126  2192 58 0.144  2192 59 0.153  2192 60 0.153  2192 61 0.153  2192 62 0.171  2192 63 0.189  2192 64 0.216  2192 65 0.234  2192 66 0.252  2192 67 0.252  2192 68 0.252  2192 69 0.252  2192 70 0.252  2192 71 0.252  2192 72 0.261  2192 73 0.252  2192 74 0.243  2192 75 0.234  2192 76 0.207  2192 77 0.189  2192 78 0.18  2192 79 0.171  2192 80 0.18  2192 81 0.162  2192 82 0.144  2192 83 0.117  2192 84 0.081  2192 85 0.063  2192 86 0.063  2192 87 0.072  2192 88 0.099  2192 89 0.126  2192 90 0.144  2192 91 0.162  2192 92 0.18  2192 93 0.189  2192 94 0.207  2192 95 0.225  
1384 0 0.3465  1384 1 0.3542  1384 2 0.3619  1384 3 0.3696  1384 4 0.385  1384 5 0.3773  1384 6 0.3388  1384 7 0.2772  1384 8 0.1771  1384 9 0.1232  1384 10 0.1001  1384 11 0.1155  1384 12 0.1617  1384 13 0.1925  1384 14 0.2079  1384 15 0.2156  1384 16 0.2002  1384 17 0.2079  1384 18 0.2233  1384 19 0.2541  1384 20 0.2926  1384 21 0.308  1384 22 0.2926  1384 23 0.2387  1384 24 0.1694  1384 25 0.1386  1384 26 0.1463  1384 27 0.2002  1384 28 0.2926  1384 29 0.3619  1384 30 0.3927  1384 31 0.4081  1384 32 0.385  1384 33 0.3619  1384 34 0.3311  1384 35 0.3003  1384 36 0.2618  1384 37 0.2233  1384 38 0.1694  1384 39 0.1078  1384 40 0.0462  1384 41 0.0077  1384 42 0  1384 43 0.0231  1384 44 0.077  1384 45 0.1078  1384 46 0.1309  1384 47 0.1309  1384 48 0.1078  1384 49 0.1232  1384 50 0.1694  1384 51 0.2387  1384 52 0.3465  1384 53 0.4081  1384 54 0.4389  1384 55 0.4312  1384 56 0.385  1384 57 0.3619  1384 58 0.3619  1384 59 0.3773  1384 60 0.4235  1384 61 0.4235  1384 62 0.385  1384 63 0.3157  1384 64 0.2002  1384 65 0.1232  1384 66 0.0847  1384 67 0.077  1384 68 0.1155  1384 69 0.1386  1384 70 0.1617  1384 71 0.1771  1384 72 0.1771  1384 73 0.2002  1384 74 0.2387  1384 75 0.3003  1384 76 0.3773  1384 77 0.4158  1384 78 0.4158  1384 79 0.385  1384 80 0.3157  1384 81 0.2695  1384 82 0.2541  1384 83 0.2618  1384 84 0.2926  1384 85 0.3003  1384 86 0.2695  1384 87 0.2156  1384 88 0.1232  1384 89 0.077  1384 90 0.0847  1384 91 0.1386  1384 92 0.231  1384 93 0.3003  1384 94 0.3465  1384 95 0.3619  
2119 0 0.072  2119 1 0.072  2119 2 0.064  2119 3 0.064  2119 4 0.056  2119 5 0.048  2119 6 0.032  2119 7 0.024  2119 8 0.008  2119 9 0  2119 10 0  2119 11 0.008  2119 12 0.024  2119 13 0.032  2119 14 0.04  2119 15 0.048  2119 16 0.04  2119 17 0.04  2119 18 0.04  2119 19 0.04  2119 20 0.04  2119 21 0.04  2119 22 0.04  2119 23 0.04  2119 24 0.04  2119 25 0.04  2119 26 0.04  2119 27 0.032  2119 28 0.032  2119 29 0.024  2119 30 0.016  2119 31 0.008  2119 32 0  2119 33 0  2119 34 0.008  2119 35 0.016  2119 36 0.04  2119 37 0.056  2119 38 0.072  2119 39 0.08  2119 40 0.096  2119 41 0.104  2119 42 0.12  2119 43 0.136  2119 44 0.16  2119 45 0.168  2119 46 0.168  2119 47 0.152  2119 48 0.12  2119 49 0.104  2119 50 0.088  2119 51 0.088  2119 52 0.096  2119 53 0.096  2119 54 0.096  2119 55 0.104  2119 56 0.104  2119 57 0.104  2119 58 0.104  2119 59 0.104  2119 60 0.112  2119 61 0.104  2119 62 0.096  2119 63 0.08  2119 64 0.048  2119 65 0.04  2119 66 0.032  2119 67 0.048  2119 68 0.072  2119 69 0.08  2119 70 0.088  2119 71 0.088  2119 72 0.08  2119 73 0.08  2119 74 0.08  2119 75 0.08  2119 76 0.096  2119 77 0.104  2119 78 0.096  2119 79 0.096  2119 80 0.08  2119 81 0.064  2119 82 0.056  2119 83 0.056  2119 84 0.056  2119 85 0.056  2119 86 0.056  2119 87 0.048  2119 88 0.048  2119 89 0.048  2119 90 0.048  2119 91 0.048  2119 92 0.056  2119 93 0.056  2119 94 0.064  2119 95 0.064  
490 0 0.2418  490 1 0.234  490 2 0.2262  490 3 0.2184  490 4 0.195  490 5 0.1794  490 6 0.1716  490 7 0.156  490 8 0.1482  490 9 0.1404  490 10 0.1326  490 11 0.1248  490 12 0.117  490 13 0.1092  490 14 0.1092  490 15 0.1014  490 16 0.1014  490 17 0.0936  490 18 0.078  490 19 0.0546  490 20 0.0234  490 21 0  490 22 0  490 23 0.0156  490 24 0.039  490 25 0.0624  490 26 0.0624  490 27 0.0546  490 28 0.0312  490 29 0.0234  490 30 0.0234  490 31 0.0234  490 32 0.039  490 33 0.0546  490 34 0.0624  490 35 0.0702  490 36 0.078  490 37 0.0858  490 38 0.1014  490 39 0.117  490 40 0.1404  490 41 0.1482  490 42 0.1638  490 43 0.1716  490 44 0.1716  490 45 0.1716  490 46 0.1794  490 47 0.195  490 48 0.2184  490 49 0.2184  490 50 0.2106  490 51 0.1872  490 52 0.156  490 53 0.1326  490 54 0.117  490 55 0.117  490 56 0.1248  490 57 0.1248  490 58 0.117  490 59 0.1092  490 60 0.0936  490 61 0.0858  490 62 0.0858  490 63 0.0858  490 64 0.1092  490 65 0.117  490 66 0.117  490 67 0.1248  490 68 0.117  490 69 0.1326  490 70 0.1482  490 71 0.1794  490 72 0.2262  490 73 0.2574  490 74 0.2808  490 75 0.2808  490 76 0.2652  490 77 0.2652  490 78 0.2652  490 79 0.2652  490 80 0.273  490 81 0.2808  490 82 0.2808  490 83 0.273  490 84 0.2652  490 85 0.2574  490 86 0.2496  490 87 0.2418  490 88 0.2418  490 89 0.2262  490 90 0.2184  490 91 0.2106  490 92 0.195  490 93 0.1872  490 94 0.195  490 95 0.2028  
684 0 0.0637  684 1 0.0637  684 2 0.0637  684 3 0.0637  684 4 0.0637  684 5 0.0637  684 6 0.0728  684 7 0.0728  684 8 0.0819  684 9 0.0819  684 10 0.0819  684 11 0.0819  684 12 0.0819  684 13 0.0819  684 14 0.091  684 15 0.091  684 16 0.1001  684 17 0.1092  684 18 0.1001  684 19 0.091  684 20 0.0728  684 21 0.0637  684 22 0.0637  684 23 0.0637  684 24 0.0637  684 25 0.0728  684 26 0.0819  684 27 0.0819  684 28 0.091  684 29 0.1001  684 30 0.1001  684 31 0.1092  684 32 0.1092  684 33 0.1183  684 34 0.1092  684 35 0.1092  684 36 0.091  684 37 0.091  684 38 0.0819  684 39 0.0819  684 40 0.0819  684 41 0.091  684 42 0.091  684 43 0.0819  684 44 0.0819  684 45 0.0728  684 46 0.0728  684 47 0.0728  684 48 0.0728  684 49 0.0728  684 50 0.0546  684 51 0.0455  684 52 0.0182  684 53 0.0091  684 54 0  684 55 0.0091  684 56 0.0182  684 57 0.0273  684 58 0.0364  684 59 0.0455  684 60 0.0455  684 61 0.0455  684 62 0.0637  684 63 0.0728  684 64 0.091  684 65 0.1092  684 66 0.1092  684 67 0.1092  684 68 0.1001  684 69 0.1001  684 70 0.1001  684 71 0.1001  684 72 0.1001  684 73 0.1001  684 74 0.1001  684 75 0.091  684 76 0.0728  684 77 0.0637  684 78 0.0546  684 79 0.0455  684 80 0.0364  684 81 0.0273  684 82 0.0182  684 83 0.0182  684 84 0.0273  684 85 0.0273  684 86 0.0364  684 87 0.0455  684 88 0.0546  684 89 0.0546  684 90 0.0546  684 91 0.0546  684 92 0.0455  684 93 0.0364  684 94 0.0364  684 95 0.0455  
1583 0 0.0184  1583 1 0.023  1583 2 0.023  1583 3 0.0276  1583 4 0.0368  1583 5 0.0368  1583 6 0.0368  1583 7 0.0322  1583 8 0.0184  1583 9 0.0138  1583 10 0.0092  1583 11 0.0138  1583 12 0.0184  1583 13 0.023  1583 14 0.0276  1583 15 0.0276  1583 16 0.0322  1583 17 0.0322  1583 18 0.0368  1583 19 0.046  1583 20 0.0552  1583 21 0.0644  1583 22 0.069  1583 23 0.0782  1583 24 0.0828  1583 25 0.0874  1583 26 0.1012  1583 27 0.115  1583 28 0.1288  1583 29 0.138  1583 30 0.1334  1583 31 0.1288  1583 32 0.1104  1583 33 0.0966  1583 34 0.0874  1583 35 0.0874  1583 36 0.0874  1583 37 0.0828  1583 38 0.069  1583 39 0.0552  1583 40 0.0322  1583 41 0.0138  1583 42 0.0046  1583 43 0.0046  1583 44 0.0138  1583 45 0.0184  1583 46 0.0184  1583 47 0.0184  1583 48 0.0184  1583 49 0.0184  1583 50 0.0184  1583 51 0.023  1583 52 0.0322  1583 53 0.0414  1583 54 0.046  1583 55 0.0506  1583 56 0.0506  1583 57 0.0552  1583 58 0.0598  1583 59 0.0644  1583 60 0.0736  1583 61 0.0736  1583 62 0.069  1583 63 0.0552  1583 64 0.0368  1583 65 0.023  1583 66 0.0138  1583 67 0.0046  1583 68 0.0046  1583 69 0.0046  1583 70 0.0046  1583 71 0.0046  1583 72 0  1583 73 0  1583 74 0.0092  1583 75 0.0184  1583 76 0.0322  1583 77 0.0414  1583 78 0.0506  1583 79 0.0552  1583 80 0.0552  1583 81 0.0552  1583 82 0.0552  1583 83 0.0598  1583 84 0.0644  1583 85 0.0644  1583 86 0.0598  1583 87 0.046  1583 88 0.0322  1583 89 0.023  1583 90 0.0184  1583 91 0.0184  1583 92 0.023  1583 93 0.0276  1583 94 0.0276  1583 95 0.0276  
1771 0 0.1887  1771 1 0.1785  1771 2 0.1734  1771 3 0.1683  1771 4 0.153  1771 5 0.1428  1771 6 0.1326  1771 7 0.1173  1771 8 0.1071  1771 9 0.0969  1771 10 0.0867  1771 11 0.0816  1771 12 0.0765  1771 13 0.0765  1771 14 0.0867  1771 15 0.1071  1771 16 0.1377  1771 17 0.153  1771 18 0.1581  1771 19 0.153  1771 20 0.1377  1771 21 0.1275  1771 22 0.1224  1771 23 0.1173  1771 24 0.1224  1771 25 0.1122  1771 26 0.0969  1771 27 0.0714  1771 28 0.0306  1771 29 0.0051  1771 30 0  1771 31 0.0051  1771 32 0.0255  1771 33 0.0408  1771 34 0.0408  1771 35 0.0357  1771 36 0.0204  1771 37 0.0153  1771 38 0.0204  1771 39 0.0306  1771 40 0.0561  1771 41 0.0663  1771 42 0.0663  1771 43 0.051  1771 44 0.0255  1771 45 0.0153  1771 46 0.0153  1771 47 0.0255  1771 48 0.051  1771 49 0.0663  1771 50 0.0714  1771 51 0.0714  1771 52 0.0561  1771 53 0.0561  1771 54 0.0663  1771 55 0.0816  1771 56 0.1122  1771 57 0.1275  1771 58 0.1326  1771 59 0.1275  1771 60 0.1122  1771 61 0.102  1771 62 0.102  1771 63 0.102  1771 64 0.1173  1771 65 0.1224  1771 66 0.1224  1771 67 0.1173  1771 68 0.1071  1771 69 0.102  1771 70 0.1071  1771 71 0.1122  1771 72 0.1224  1771 73 0.1326  1771 74 0.1377  1771 75 0.1428  1771 76 0.1377  1771 77 0.1377  1771 78 0.1428  1771 79 0.1428  1771 80 0.153  1771 81 0.153  1771 82 0.153  1771 83 0.153  1771 84 0.1428  1771 85 0.1377  1771 86 0.1326  1771 87 0.1326  1771 88 0.1275  1771 89 0.1224  1771 90 0.1173  1771 91 0.1122  1771 92 0.102  1771 93 0.102  1771 94 0.1122  1771 95 0.1275  
255 0 0.1365  255 1 0.1248  255 2 0.1092  255 3 0.0936  255 4 0.0663  255 5 0.0468  255 6 0.039  255 7 0.0429  255 8 0.0546  255 9 0.0585  255 10 0.0507  255 11 0.0351  255 12 0.0117  255 13 0  255 14 0.0039  255 15 0.0195  255 16 0.0546  255 17 0.0741  255 18 0.0858  255 19 0.0897  255 20 0.0819  255 21 0.078  255 22 0.078  255 23 0.0858  255 24 0.0975  255 25 0.1014  255 26 0.1092  255 27 0.1092  255 28 0.1092  255 29 0.1131  255 30 0.117  255 31 0.1209  255 32 0.1287  255 33 0.1326  255 34 0.1248  255 35 0.1131  255 36 0.0975  255 37 0.0819  255 38 0.078  255 39 0.0741  255 40 0.0819  255 41 0.0897  255 42 0.0975  255 43 0.1053  255 44 0.117  255 45 0.1287  255 46 0.1404  255 47 0.1521  255 48 0.1638  255 49 0.1716  255 50 0.1716  255 51 0.1677  255 52 0.1521  255 53 0.1404  255 54 0.1326  255 55 0.1209  255 56 0.1131  255 57 0.1053  255 58 0.0975  255 59 0.0897  255 60 0.078  255 61 0.0741  255 62 0.0741  255 63 0.078  255 64 0.0858  255 65 0.0858  255 66 0.078  255 67 0.0624  255 68 0.0351  255 69 0.0195  255 70 0.0156  255 71 0.0234  255 72 0.039  255 73 0.0546  255 74 0.0624  255 75 0.0624  255 76 0.0585  255 77 0.0663  255 78 0.0819  255 79 0.1053  255 80 0.1365  255 81 0.1638  255 82 0.1794  255 83 0.1833  255 84 0.1833  255 85 0.1794  255 86 0.1794  255 87 0.1794  255 88 0.1794  255 89 0.1794  255 90 0.1716  255 91 0.1599  255 92 0.1443  255 93 0.1326  255 94 0.1287  255 95 0.1287  
558 0 0.0258  558 1 0.0344  558 2 0.043  558 3 0.043  558 4 0.0602  558 5 0.0688  558 6 0.0688  558 7 0.0602  558 8 0.043  558 9 0.0344  558 10 0.043  558 11 0.0516  558 12 0.0688  558 13 0.086  558 14 0.0774  558 15 0.0688  558 16 0.0516  558 17 0.0344  558 18 0.0344  558 19 0.0344  558 20 0.0516  558 21 0.0602  558 22 0.0602  558 23 0.0602  558 24 0.0602  558 25 0.0602  558 26 0.0774  558 27 0.1032  558 28 0.1376  558 29 0.1634  558 30 0.172  558 31 0.1634  558 32 0.1462  558 33 0.1376  558 34 0.1462  558 35 0.1634  558 36 0.1978  558 37 0.215  558 38 0.2064  558 39 0.1892  558 40 0.1462  558 41 0.1204  558 42 0.1118  558 43 0.1118  558 44 0.1204  558 45 0.129  558 46 0.129  558 47 0.1204  558 48 0.1032  558 49 0.0946  558 50 0.0946  558 51 0.1032  558 52 0.1204  558 53 0.1204  558 54 0.1118  558 55 0.086  558 56 0.0516  558 57 0.0258  558 58 0.0086  558 59 0  558 60 0  558 61 0.0086  558 62 0.0086  558 63 0.0086  558 64 0.0086  558 65 0.0086  558 66 0.0172  558 67 0.0172  558 68 0.0172  558 69 0.0258  558 70 0.0258  558 71 0.0344  558 72 0.0344  558 73 0.043  558 74 0.043  558 75 0.0516  558 76 0.0688  558 77 0.0774  558 78 0.086  558 79 0.0946  558 80 0.0946  558 81 0.1032  558 82 0.1204  558 83 0.129  558 84 0.1462  558 85 0.1462  558 86 0.1376  558 87 0.1032  558 88 0.0602  558 89 0.0344  558 90 0.0172  558 91 0.0172  558 92 0.0258  558 93 0.0344  558 94 0.043  558 95 0.043  
1863 0 0.0084  1863 1 0.0108  1863 2 0.0132  1863 3 0.0156  1863 4 0.0204  1863 5 0.024  1863 6 0.0264  1863 7 0.03  1863 8 0.0312  1863 9 0.0336  1863 10 0.036  1863 11 0.0384  1863 12 0.0396  1863 13 0.042  1863 14 0.0432  1863 15 0.0432  1863 16 0.0432  1863 17 0.0456  1863 18 0.0492  1863 19 0.0564  1863 20 0.0648  1863 21 0.0684  1863 22 0.0696  1863 23 0.066  1863 24 0.0588  1863 25 0.0552  1863 26 0.054  1863 27 0.0564  1863 28 0.0612  1863 29 0.0636  1863 30 0.0648  1863 31 0.0624  1863 32 0.06  1863 33 0.0564  1863 34 0.0528  1863 35 0.0516  1863 36 0.0492  1863 37 0.048  1863 38 0.0444  1863 39 0.0408  1863 40 0.0348  1863 41 0.0312  1863 42 0.0288  1863 43 0.0276  1863 44 0.0276  1863 45 0.0264  1863 46 0.024  1863 47 0.0204  1863 48 0.0156  1863 49 0.0144  1863 50 0.0168  1863 51 0.0216  1863 52 0.0312  1863 53 0.0372  1863 54 0.0408  1863 55 0.0408  1863 56 0.0384  1863 57 0.0384  1863 58 0.0396  1863 59 0.042  1863 60 0.0456  1863 61 0.048  1863 62 0.048  1863 63 0.0468  1863 64 0.0432  1863 65 0.0408  1863 66 0.0396  1863 67 0.0384  1863 68 0.0396  1863 69 0.0372  1863 70 0.0324  1863 71 0.024  1863 72 0.0132  1863 73 0.0048  1863 74 0.0012  1863 75 0  1863 76 0.0024  1863 77 0.0036  1863 78 0.0036  1863 79 0.0036  1863 80 0.0024  1863 81 0.0012  1863 82 0.0012  1863 83 0.0024  1863 84 0.0036  1863 85 0.006  1863 86 0.0072  1863 87 0.0084  1863 88 0.0108  1863 89 0.012  1863 90 0.0144  1863 91 0.0168  1863 92 0.0204  1863 93 0.0216  1863 94 0.0216  1863 95 0.0192  
85 0 0.1452  85 1 0.1452  85 2 0.1386  85 3 0.132  85 4 0.1254  85 5 0.1188  85 6 0.1122  85 7 0.1056  85 8 0.1056  85 9 0.099  85 10 0.0924  85 11 0.0792  85 12 0.066  85 13 0.066  85 14 0.066  85 15 0.0858  85 16 0.1056  85 17 0.1122  85 18 0.1122  85 19 0.099  85 20 0.066  85 21 0.0528  85 22 0.0462  85 23 0.0528  85 24 0.0726  85 25 0.0924  85 26 0.1056  85 27 0.1188  85 28 0.1254  85 29 0.1386  85 30 0.1518  85 31 0.165  85 32 0.1782  85 33 0.1848  85 34 0.1782  85 35 0.165  85 36 0.1452  85 37 0.132  85 38 0.1188  85 39 0.1056  85 40 0.099  85 41 0.0924  85 42 0.0792  85 43 0.0726  85 44 0.0594  85 45 0.0594  85 46 0.0726  85 47 0.0858  85 48 0.1188  85 49 0.1386  85 50 0.1518  85 51 0.1584  85 52 0.1584  85 53 0.1584  85 54 0.1584  85 55 0.165  85 56 0.1782  85 57 0.1782  85 58 0.1782  85 59 0.1716  85 60 0.1584  85 61 0.1452  85 62 0.132  85 63 0.1254  85 64 0.1188  85 65 0.1056  85 66 0.0924  85 67 0.0726  85 68 0.0594  85 69 0.0396  85 70 0.033  85 71 0.0264  85 72 0.0264  85 73 0.033  85 74 0.0396  85 75 0.0462  85 76 0.0528  85 77 0.0726  85 78 0.0858  85 79 0.1122  85 80 0.1386  85 81 0.1518  85 82 0.1518  85 83 0.1386  85 84 0.1122  85 85 0.0924  85 86 0.0726  85 87 0.0528  85 88 0.033  85 89 0.0198  85 90 0.0132  85 91 0.0066  85 92 0  85 93 0.0066  85 94 0.0264  85 95 0.0528  
1432 0 0.0008  1432 1 0.0009  1432 2 0.0011  1432 3 0.0013  1432 4 0.0016  1432 5 0.0018  1432 6 0.0018  1432 7 0.0016  1432 8 0.0012  1432 9 0.001  1432 10 0.0011  1432 11 0.0014  1432 12 0.002  1432 13 0.0023  1432 14 0.0022  1432 15 0.0019  1432 16 0.0014  1432 17 0.001  1432 18 0.0009  1432 19 0.001  1432 20 0.0014  1432 21 0.0016  1432 22 0.0018  1432 23 0.0018  1432 24 0.0016  1432 25 0.0018  1432 26 0.0022  1432 27 0.0029  1432 28 0.0039  1432 29 0.0045  1432 30 0.0048  1432 31 0.0046  1432 32 0.004  1432 33 0.0038  1432 34 0.004  1432 35 0.0046  1432 36 0.0055  1432 37 0.0059  1432 38 0.0058  1432 39 0.0052  1432 40 0.0041  1432 41 0.0034  1432 42 0.0031  1432 43 0.0031  1432 44 0.0034  1432 45 0.0036  1432 46 0.0035  1432 47 0.0033  1432 48 0.0028  1432 49 0.0026  1432 50 0.0026  1432 51 0.0028  1432 52 0.0033  1432 53 0.0034  1432 54 0.0031  1432 55 0.0024  1432 56 0.0014  1432 57 0.0006  1432 58 0.0002  1432 59 0  1432 60 0.0001  1432 61 0.0002  1432 62 0.0003  1432 63 0.0003  1432 64 0.0003  1432 65 0.0004  1432 66 0.0004  1432 67 0.0005  1432 68 0.0006  1432 69 0.0007  1432 70 0.0008  1432 71 0.0009  1432 72 0.001  1432 73 0.0011  1432 74 0.0013  1432 75 0.0015  1432 76 0.0018  1432 77 0.0021  1432 78 0.0023  1432 79 0.0025  1432 80 0.0027  1432 81 0.0029  1432 82 0.0033  1432 83 0.0036  1432 84 0.0041  1432 85 0.0041  1432 86 0.0038  1432 87 0.0029  1432 88 0.0017  1432 89 0.0009  1432 90 0.0005  1432 91 0.0005  1432 92 0.0008  1432 93 0.0011  1432 94 0.0012  1432 95 0.0012  
1843 0 0.003  1843 1 0.0036  1843 2 0.0036  1843 3 0.0042  1843 4 0.0054  1843 5 0.006  1843 6 0.0054  1843 7 0.0048  1843 8 0.003  1843 9 0.0024  1843 10 0.0018  1843 11 0.0018  1843 12 0.003  1843 13 0.0036  1843 14 0.0042  1843 15 0.0042  1843 16 0.0048  1843 17 0.0054  1843 18 0.006  1843 19 0.0072  1843 20 0.0084  1843 21 0.0096  1843 22 0.0108  1843 23 0.012  1843 24 0.0126  1843 25 0.0138  1843 26 0.0156  1843 27 0.0174  1843 28 0.0198  1843 29 0.021  1843 30 0.021  1843 31 0.0198  1843 32 0.0168  1843 33 0.015  1843 34 0.0138  1843 35 0.0132  1843 36 0.0132  1843 37 0.0126  1843 38 0.0108  1843 39 0.0084  1843 40 0.0048  1843 41 0.0024  1843 42 0.0006  1843 43 0.0006  1843 44 0.0024  1843 45 0.003  1843 46 0.003  1843 47 0.003  1843 48 0.0024  1843 49 0.0024  1843 50 0.003  1843 51 0.0036  1843 52 0.0048  1843 53 0.0066  1843 54 0.0072  1843 55 0.0078  1843 56 0.0078  1843 57 0.0084  1843 58 0.009  1843 59 0.0102  1843 60 0.0114  1843 61 0.0114  1843 62 0.0102  1843 63 0.0084  1843 64 0.0054  1843 65 0.0036  1843 66 0.0018  1843 67 0.0012  1843 68 0.0012  1843 69 0.0006  1843 70 0.0006  1843 71 0.0006  1843 72 0  1843 73 0  1843 74 0.0012  1843 75 0.003  1843 76 0.0048  1843 77 0.0066  1843 78 0.0078  1843 79 0.0084  1843 80 0.0084  1843 81 0.0084  1843 82 0.0084  1843 83 0.009  1843 84 0.0096  1843 85 0.0096  1843 86 0.009  1843 87 0.0072  1843 88 0.0048  1843 89 0.0036  1843 90 0.0024  1843 91 0.003  1843 92 0.0036  1843 93 0.0042  1843 94 0.0042  1843 95 0.0042  
1848 0 0.0369  1848 1 0.0369  1848 2 0.0369  1848 3 0.0369  1848 4 0.0369  1848 5 0.0369  1848 6 0.0328  1848 7 0.0328  1848 8 0.0287  1848 9 0.0246  1848 10 0.0246  1848 11 0.0246  1848 12 0.0246  1848 13 0.0246  1848 14 0.0205  1848 15 0.0164  1848 16 0.0082  1848 17 0.0082  1848 18 0.0123  1848 19 0.0164  1848 20 0.0287  1848 21 0.0369  1848 22 0.041  1848 23 0.041  1848 24 0.0369  1848 25 0.0328  1848 26 0.0287  1848 27 0.0246  1848 28 0.0205  1848 29 0.0164  1848 30 0.0123  1848 31 0.0082  1848 32 0  1848 33 0  1848 34 0  1848 35 0.0082  1848 36 0.0164  1848 37 0.0205  1848 38 0.0246  1848 39 0.0246  1848 40 0.0246  1848 41 0.0205  1848 42 0.0205  1848 43 0.0246  1848 44 0.0287  1848 45 0.0328  1848 46 0.0328  1848 47 0.0328  1848 48 0.0328  1848 49 0.0369  1848 50 0.0451  1848 51 0.0574  1848 52 0.0738  1848 53 0.0861  1848 54 0.0902  1848 55 0.0861  1848 56 0.0779  1848 57 0.0697  1848 58 0.0615  1848 59 0.0574  1848 60 0.0574  1848 61 0.0492  1848 62 0.041  1848 63 0.0287  1848 64 0.0164  1848 65 0.0082  1848 66 0  1848 67 0.0041  1848 68 0.0082  1848 69 0.0123  1848 70 0.0164  1848 71 0.0123  1848 72 0.0123  1848 73 0.0123  1848 74 0.0164  1848 75 0.0205  1848 76 0.0287  1848 77 0.041  1848 78 0.0492  1848 79 0.0574  1848 80 0.0656  1848 81 0.0697  1848 82 0.0738  1848 83 0.0738  1848 84 0.0697  1848 85 0.0697  1848 86 0.0615  1848 87 0.0574  1848 88 0.0492  1848 89 0.0451  1848 90 0.0451  1848 91 0.0492  1848 92 0.0574  1848 93 0.0574  1848 94 0.0574  1848 95 0.0574  
1245 0 0.3744  1245 1 0.4032  1245 2 0.432  1245 3 0.4608  1245 4 0.5184  1245 5 0.5376  1245 6 0.528  1245 7 0.4896  1245 8 0.432  1245 9 0.384  1245 10 0.3552  1245 11 0.3264  1245 12 0.3264  1245 13 0.2976  1245 14 0.2592  1245 15 0.2016  1245 16 0.1248  1245 17 0.0768  1245 18 0.0672  1245 19 0.096  1245 20 0.1632  1245 21 0.2112  1245 22 0.24  1245 23 0.24  1245 24 0.2208  1245 25 0.24  1245 26 0.288  1245 27 0.3744  1245 28 0.48  1245 29 0.5472  1245 30 0.5472  1245 31 0.4992  1245 32 0.4032  1245 33 0.3264  1245 34 0.288  1245 35 0.288  1245 36 0.3168  1245 37 0.3072  1245 38 0.2688  1245 39 0.192  1245 40 0.0864  1245 41 0.0192  1245 42 0  1245 43 0.0192  1245 44 0.0768  1245 45 0.1248  1245 46 0.1536  1245 47 0.1728  1245 48 0.1824  1245 49 0.1824  1245 50 0.2016  1245 51 0.2112  1245 52 0.2208  1245 53 0.2208  1245 54 0.2016  1245 55 0.1536  1245 56 0.0864  1245 57 0.0576  1245 58 0.048  1245 59 0.0864  1245 60 0.144  1245 61 0.1824  1245 62 0.2208  1245 63 0.24  1245 64 0.2496  1245 65 0.2592  1245 66 0.2592  1245 67 0.2496  1245 68 0.2496  1245 69 0.24  1245 70 0.2112  1245 71 0.1728  1245 72 0.1248  1245 73 0.1152  1245 74 0.144  1245 75 0.2016  1245 76 0.2976  1245 77 0.3648  1245 78 0.3744  1245 79 0.3648  1245 80 0.2976  1245 81 0.2592  1245 82 0.2496  1245 83 0.2496  1245 84 0.2784  1245 85 0.288  1245 86 0.2976  1245 87 0.288  1245 88 0.2784  1245 89 0.2784  1245 90 0.2976  1245 91 0.3264  1245 92 0.3744  1245 93 0.4128  1245 94 0.432  1245 95 0.432  
1758 0 0.1302  1758 1 0.1302  1758 2 0.1395  1758 3 0.1395  1758 4 0.1488  1758 5 0.1674  1758 6 0.1767  1758 7 0.1953  1758 8 0.2139  1758 9 0.2232  1758 10 0.2139  1758 11 0.2046  1758 12 0.186  1758 13 0.1767  1758 14 0.1674  1758 15 0.1674  1758 16 0.1674  1758 17 0.1674  1758 18 0.1674  1758 19 0.1674  1758 20 0.1674  1758 21 0.1674  1758 22 0.1674  1758 23 0.1674  1758 24 0.1674  1758 25 0.1674  1758 26 0.1767  1758 27 0.1767  1758 28 0.186  1758 29 0.1953  1758 30 0.2046  1758 31 0.2046  1758 32 0.2232  1758 33 0.2232  1758 34 0.2139  1758 35 0.1953  1758 36 0.1674  1758 37 0.1488  1758 38 0.1302  1758 39 0.1116  1758 40 0.1023  1758 41 0.0837  1758 42 0.0651  1758 43 0.0372  1758 44 0.0093  1758 45 0  1758 46 0  1758 47 0.0279  1758 48 0.0651  1758 49 0.093  1758 50 0.1023  1758 51 0.1116  1758 52 0.1023  1758 53 0.1023  1758 54 0.093  1758 55 0.093  1758 56 0.093  1758 57 0.093  1758 58 0.0837  1758 59 0.0837  1758 60 0.0837  1758 61 0.0837  1758 62 0.1023  1758 63 0.1209  1758 64 0.1581  1758 65 0.1767  1758 66 0.1767  1758 67 0.1581  1758 68 0.1302  1758 69 0.1116  1758 70 0.1023  1758 71 0.1023  1758 72 0.1209  1758 73 0.1209  1758 74 0.1209  1758 75 0.1116  1758 76 0.1023  1758 77 0.093  1758 78 0.093  1758 79 0.1023  1758 80 0.1209  1758 81 0.1395  1758 82 0.1488  1758 83 0.1488  1758 84 0.1488  1758 85 0.1488  1758 86 0.1488  1758 87 0.1581  1758 88 0.1581  1758 89 0.1674  1758 90 0.1674  1758 91 0.1581  1758 92 0.1488  1758 93 0.1488  1758 94 0.1395  1758 95 0.1395  
116 0 0.1938  116 1 0.1887  116 2 0.1836  116 3 0.1734  116 4 0.1581  116 5 0.1479  116 6 0.1377  116 7 0.1275  116 8 0.1224  116 9 0.1122  116 10 0.1071  116 11 0.102  116 12 0.0969  116 13 0.0867  116 14 0.0867  116 15 0.0816  116 16 0.0816  116 17 0.0765  116 18 0.0612  116 19 0.0408  116 20 0.0153  116 21 0  116 22 0  116 23 0.0102  116 24 0.0357  116 25 0.0459  116 26 0.051  116 27 0.0408  116 28 0.0255  116 29 0.0204  116 30 0.0153  116 31 0.0204  116 32 0.0306  116 33 0.0408  116 34 0.051  116 35 0.0561  116 36 0.0612  116 37 0.0714  116 38 0.0816  116 39 0.0918  116 40 0.1122  116 41 0.1224  116 42 0.1326  116 43 0.1326  116 44 0.1326  116 45 0.1377  116 46 0.1479  116 47 0.1581  116 48 0.1734  116 49 0.1785  116 50 0.1734  116 51 0.153  116 52 0.1224  116 53 0.102  116 54 0.0918  116 55 0.0918  116 56 0.0969  116 57 0.102  116 58 0.0969  116 59 0.0918  116 60 0.0765  116 61 0.0663  116 62 0.0663  116 63 0.0714  116 64 0.0867  116 65 0.0918  116 66 0.0969  116 67 0.0969  116 68 0.0969  116 69 0.102  116 70 0.1173  116 71 0.1479  116 72 0.1836  116 73 0.2091  116 74 0.2244  116 75 0.2244  116 76 0.2142  116 77 0.2091  116 78 0.2091  116 79 0.2142  116 80 0.2193  116 81 0.2244  116 82 0.2244  116 83 0.2193  116 84 0.2142  116 85 0.2091  116 86 0.204  116 87 0.1938  116 88 0.1887  116 89 0.1836  116 90 0.1785  116 91 0.1683  116 92 0.1581  116 93 0.153  116 94 0.153  116 95 0.1632  
650 0 0.2784  650 1 0.2349  650 2 0.1914  650 3 0.1479  650 4 0.0696  650 5 0.0174  650 6 0.0087  650 7 0.0435  650 8 0.1044  650 9 0.1305  650 10 0.1305  650 11 0.0957  650 12 0.0348  650 13 0  650 14 0  650 15 0.0348  650 16 0.1044  650 17 0.1479  650 18 0.174  650 19 0.174  650 20 0.1479  650 21 0.1479  650 22 0.1653  650 23 0.2088  650 24 0.2697  650 25 0.3045  650 26 0.3132  650 27 0.2958  650 28 0.2523  650 29 0.2175  650 30 0.2088  650 31 0.2175  650 32 0.2436  650 33 0.261  650 34 0.2697  650 35 0.2871  650 36 0.2871  650 37 0.3045  650 38 0.3219  650 39 0.348  650 40 0.3828  650 41 0.4002  650 42 0.4089  650 43 0.3915  650 44 0.3741  650 45 0.348  650 46 0.3306  650 47 0.3045  650 48 0.2871  650 49 0.2523  650 50 0.2088  650 51 0.1566  650 52 0.0957  650 53 0.0609  650 54 0.0609  650 55 0.087  650 56 0.1566  650 57 0.2001  650 58 0.2262  650 59 0.2262  650 60 0.2175  650 61 0.2175  650 62 0.2262  650 63 0.2436  650 64 0.2697  650 65 0.2958  650 66 0.3045  650 67 0.3045  650 68 0.2871  650 69 0.2871  650 70 0.2871  650 71 0.2958  650 72 0.3219  650 73 0.3306  650 74 0.3219  650 75 0.3132  650 76 0.2871  650 77 0.2784  650 78 0.2697  650 79 0.2697  650 80 0.2784  650 81 0.2784  650 82 0.2784  650 83 0.261  650 84 0.2349  650 85 0.2175  650 86 0.2001  650 87 0.1914  650 88 0.1914  650 89 0.1827  650 90 0.1653  650 91 0.1479  650 92 0.1305  650 93 0.1305  650 94 0.1392  650 95 0.174  

7204 0 0  7204 1 0  7204 2 0  7204 3 0  7204 4 0  7204 5 0  7204 6 0  7204 7 0  7204 8 0  7204 9 0  7204 10 0  7204 11 0  7204 12 0  7204 13 0  7204 14 0  7204 15 0  7204 16 0  7204 17 0  7204 18 0  7204 19 0  7204 20 0  7204 21 0  7204 22 0  7204 23 0  7204 24 0  7204 25 0  7204 26 0  7204 27 0  7204 28 0  7204 29 0  7204 30 0  7204 31 0  7204 32 0  7204 33 0  7204 34 0  7204 35 0  7204 36 0  7204 37 0  7204 38 0  7204 39 0  7204 40 0  7204 41 0  7204 42 0  7204 43 0  7204 44 0  7204 45 0  7204 46 0  7204 47 0  7204 48 0  7204 49 0  7204 50 0  7204 51 0  7204 52 0  7204 53 0  7204 54 0  7204 55 0  7204 56 0  7204 57 0  7204 58 0  7204 59 0  7204 60 0  7204 61 0  7204 62 0  7204 63 0  7204 64 0  7204 65 0  7204 66 0  7204 67 0  7204 68 0  7204 69 0  7204 70 0  7204 71 0  7204 72 0  7204 73 0  7204 74 0  7204 75 0  7204 76 0  7204 77 0  7204 78 0  7204 79 0  7204 80 0  7204 81 0  7204 82 0  7204 83 0  7204 84 0  7204 85 0  7204 86 0  7204 87 0  7204 88 0  7204 89 0  7204 90 0  7204 91 0  7204 92 0  7204 93 0  7204 94 0  7204 95 0  
;

param t := 
2204 1255 0.636467  
2204 599 0.201038  
2204 1193 0.325985  
2204 1595 0.640596  
2204 1510 0.470122  
2204 519 0.268406  
2204 2192 0.664537  
2204 1384 0.452566  
2204 2119 0.390104  
2204 490 0.2937  
2204 684 0.281795  
2204 1583 0.551697  
2204 1771 0.430985  
2204 255 0.548655  
2204 558 0.246434  
2204 1863 0.356244  
2204 85 0.490736  
2204 1432 0.38877  
2204 1843 0.389984  
2204 1848 0.334563  
2204 1245 0.592658  
2204 1758 0.293184  
2204 116 0.195824  
2204 650 0.24195  
1255 7204 0.640742  
1255 599 0.43863  
1255 1193 0.397931  
1255 1595 0.00738234  
1255 1510 0.492361  
1255 519 0.437459  
1255 2192 0.886067  
1255 1384 0.32141  
1255 2119 0.363539  
1255 490 0.432887  
1255 684 0.423865  
1255 1583 0.350975  
1255 1771 0.272901  
1255 255 0.351117  
1255 558 0.38417  
1255 1863 0.77814  
1255 85 0.402711  
1255 1432 0.423099  
1255 1843 0.424313  
1255 1848 0.38587  
1255 1245 0.0461106  
1255 1758 0.420236  
1255 116 0.490742  
1255 650 0.452779  
599 7204 0.286969  
599 1255 0.448142  
599 1193 0.119348  
599 1595 0.454507  
599 1510 0.272355  
599 519 0.0716301  
599 2192 0.774805  
599 1384 0.240339  
599 2119 0.186598  
599 490 0.101727  
599 684 0.0755776  
599 1583 0.338645  
599 1771 0.298969  
599 255 0.4235  
599 558 0.0483751  
599 1863 0.34039  
599 85 0.364741  
599 1432 0.19171  
599 1843 0.192233  
599 1848 0.128653  
599 1245 0.406862  
599 1758 0.0959009  
599 116 0.264529  
599 650 0.0438912  
1193 7204 0.471619  
1193 1255 0.483793  
1193 599 0.168226  
1193 1595 0.482359  
1193 1510 0.211205  
1193 519 0.23377  
1193 2192 0.903216  
1193 1384 0.145013  
1193 2119 0.0697685  
1193 490 0.262741  
1193 684 0.165289  
1193 1583 0.241042  
1193 1771 0.443105  
1193 255 0.584784  
1193 558 0.204309  
1193 1863 0.517594  
1193 85 0.52407  
1193 1432 0.132336  
1193 1843 0.132859  
1193 1848 0.134611  
1193 1245 0.442514  
1193 1758 0.151306  
1193 116 0.420305  
1193 650 0.167761  
1595 7204 0.641251  
1595 1255 0.00866892  
1595 599 0.444973  
1595 1193 0.404142  
1595 1510 0.498572  
1595 519 0.443803  
1595 2192 0.886398  
1595 1384 0.327621  
1595 2119 0.36975  
1595 490 0.439231  
1595 684 0.430209  
1595 1583 0.357615  
1595 1771 0.275424  
1595 255 0.343889  
1595 558 0.390514  
1595 1863 0.783745  
1595 85 0.395482  
1595 1432 0.42931  
1595 1843 0.430524  
1595 1848 0.393204  
1595 1245 0.0530261  
1595 1758 0.426579  
1595 116 0.491258  
1595 650 0.459122  
1510 7204 0.667936  
1510 1255 0.594258  
1510 599 0.355347  
1510 1193 0.243468  
1510 1595 0.589276  
1510 519 0.430006  
1510 2192 1.10616  
1510 1384 0.202249  
1510 2119 0.178961  
1510 490 0.451927  
1510 684 0.361806  
1510 1583 0.286804  
1510 1771 0.603802  
1510 255 0.751201  
1510 558 0.398225  
1510 1863 0.621002  
1510 85 0.740375  
1510 1432 0.140958  
1510 1843 0.145379  
1510 1848 0.345622  
1510 1245 0.550448  
1510 1758 0.346897  
1510 116 0.610637  
1510 650 0.359291  
519 7204 0.300367  
519 1255 0.479216  
519 599 0.0877341  
519 1193 0.176118  
519 1595 0.485581  
519 1510 0.328217  
519 2192 0.706102  
519 1384 0.288695  
519 2119 0.243367  
519 490 0.0328587  
519 684 0.0843282  
519 1583 0.387516  
519 1771 0.268722  
519 255 0.387629  
519 558 0.0598756  
519 1863 0.427261  
519 85 0.32887  
519 1432 0.248479  
519 1843 0.249002  
519 1848 0.174952  
519 1245 0.437937  
519 1758 0.112808  
519 116 0.203503  
519 650 0.0945949  
2192 7204 0.849853  
2192 1255 1.10722  
2192 599 0.934901  
2192 1193 1.05455  
2192 1595 1.11139  
2192 1510 1.19113  
2192 519 0.901285  
2192 1384 1.16575  
2192 2119 1.11209  
2192 490 0.892697  
2192 684 0.953692  
2192 1583 1.21342  
2192 1771 0.911514  
2192 255 1.02767  
2192 558 0.926526  
2192 1863 1.12037  
2192 85 0.970296  
2192 1432 1.11481  
2192 1843 1.11905  
2192 1848 1.01874  
2192 1245 1.06542  
2192 1758 0.981935  
2192 116 0.70338  
2192 650 0.961203  
1384 7204 0.557737  
1384 1255 0.393124  
1384 599 0.258045  
1384 1193 0.116425  
1384 1595 0.39441  
1384 1510 0.190767  
1384 519 0.289997  
1384 2192 0.949842  
1384 2119 0.0860476  
1384 490 0.305177  
1384 684 0.21262  
1384 1583 0.146054  
1384 1771 0.411507  
1384 255 0.55284  
1384 558 0.251486  
1384 1863 0.572292  
1384 85 0.543441  
1384 1432 0.151227  
1384 1843 0.15175  
1384 1848 0.149202  
1384 1245 0.351844  
1384 1758 0.20649  
1384 116 0.490381  
1384 650 0.254567  
2119 7204 0.514355  
2119 1255 0.435337  
2119 599 0.212984  
2119 1193 0.0645072  
2119 1595 0.433831  
2119 1510 0.151621  
2119 519 0.299687  
2119 2192 0.974893  
2119 1384 0.101006  
2119 490 0.320862  
2119 684 0.229796  
2119 1583 0.197035  
2119 1771 0.455888  
2119 255 0.59837  
2119 558 0.26716  
2119 1863 0.477098  
2119 85 0.589873  
2119 1432 0.0727511  
2119 1843 0.0732741  
2119 1848 0.180156  
2119 1245 0.394058  
2119 1758 0.215814  
2119 116 0.488852  
2119 650 0.217973  
490 7204 0.312541  
490 1255 0.450152  
490 599 0.123261  
490 1193 0.211645  
490 1595 0.456517  
490 1510 0.363241  
490 519 0.0355273  
490 2192 0.667282  
490 1384 0.3221  
490 2119 0.281348  
490 684 0.119856  
490 1583 0.390403  
490 1771 0.245856  
490 255 0.353108  
490 558 0.076551  
490 1863 0.449486  
490 85 0.294349  
490 1432 0.281771  
490 1843 0.282892  
490 1848 0.177916  
490 1245 0.408873  
490 1758 0.131683  
490 116 0.217623  
490 650 0.130122  
684 7204 0.384739  
684 1255 0.443167  
684 599 0.0949926  
684 1193 0.126278  
684 1595 0.449532  
684 1510 0.279141  
684 519 0.077881  
684 2192 0.774062  
684 1384 0.241253  
684 2119 0.193527  
684 490 0.101796  
684 1583 0.322371  
684 1771 0.289797  
684 255 0.413515  
684 558 0.0390195  
684 1863 0.428103  
684 85 0.354757  
684 1432 0.198639  
684 1843 0.199162  
684 1848 0.102051  
684 1245 0.401887  
684 1758 0.0421064  
684 116 0.275748  
684 650 0.0617415  
1583 7204 0.674429  
1583 1255 0.389834  
1583 599 0.377263  
1583 1193 0.24262  
1583 1595 0.383118  
1583 1510 0.301055  
1583 519 0.397725  
1583 2192 1.00473  
1583 1384 0.164306  
1583 2119 0.212242  
1583 490 0.392305  
1583 684 0.33106  
1583 1771 0.412003  
1583 255 0.538296  
1583 558 0.349046  
1583 1863 0.696595  
1583 85 0.543883  
1583 1432 0.276528  
1583 1843 0.277392  
1583 1848 0.247583  
1583 1245 0.350285  
1583 1758 0.320433  
1583 116 0.556833  
1583 650 0.379784  
1771 7204 0.446275  
1771 1255 0.277975  
1771 599 0.297005  
1771 1193 0.406175  
1771 1595 0.280752  
1771 1510 0.506329  
1771 519 0.284766  
1771 2192 0.716236  
1771 1384 0.336481  
1771 2119 0.37861  
1771 490 0.249493  
1771 684 0.301935  
1771 1583 0.36614  
1771 255 0.177128  
1771 558 0.244715  
1771 1863 0.639647  
1771 85 0.180946  
1771 1432 0.43817  
1771 1843 0.439384  
1771 1848 0.339552  
1771 1245 0.236805  
1771 1758 0.298306  
1771 116 0.297814  
1771 650 0.311154  
255 7204 0.547406  
255 1255 0.336235  
255 599 0.423519  
255 1193 0.531074  
255 1595 0.32952  
255 1510 0.62111  
255 519 0.388344  
255 2192 0.810014  
255 1384 0.46021  
255 2119 0.502338  
255 490 0.36464  
255 684 0.42842  
255 1583 0.489868  
255 1771 0.165785  
255 558 0.36906  
255 1863 0.7492  
255 85 0.0894167  
255 1432 0.560208  
255 1843 0.566734  
255 1848 0.468331  
255 1245 0.332563  
255 1758 0.424791  
255 116 0.397624  
255 650 0.437669  
558 7204 0.349822  
558 1255 0.38677  
558 599 0.0616005  
558 1193 0.151172  
558 1595 0.393135  
558 1510 0.302278  
558 519 0.0517661  
558 2192 0.748493  
558 1384 0.267432  
558 2119 0.218421  
558 490 0.0701986  
558 684 0.0595631  
558 1583 0.335096  
558 1771 0.263196  
558 255 0.38253  
558 1863 0.392627  
558 85 0.323771  
558 1432 0.223533  
558 1843 0.224056  
558 1848 0.115077  
558 1245 0.34549  
558 1758 0.0551317  
558 116 0.252844  
558 650 0.079434  
1863 7204 0.387941  
1863 1255 0.684721  
1863 599 0.233268  
1863 1193 0.357408  
1863 1595 0.68885  
1863 1510 0.481243  
1863 519 0.304694  
1863 2192 0.886878  
1863 1384 0.481146  
1863 2119 0.380341  
1863 490 0.320796  
1863 684 0.317731  
1863 1583 0.586259  
1863 1771 0.482746  
1863 255 0.601245  
1863 558 0.282259  
1863 85 0.546141  
1863 1432 0.399891  
1863 1843 0.401105  
1863 1848 0.365985  
1863 1245 0.640912  
1863 1758 0.324471  
1863 116 0.403609  
1863 650 0.276525  
85 7204 0.509236  
85 1255 0.385359  
85 599 0.385099  
85 1193 0.494239  
85 1595 0.378644  
85 1510 0.646071  
85 519 0.351556  
85 2192 0.780056  
85 1384 0.48566  
85 2119 0.529689  
85 490 0.327851  
85 684 0.39  
85 1583 0.514983  
85 1771 0.163927  
85 255 0.0745181  
85 558 0.33064  
85 1863 0.710518  
85 1432 0.553505  
85 1843 0.56003  
85 1848 0.42182  
85 1245 0.36201  
85 1758 0.386371  
85 116 0.360775  
85 650 0.399248  
1432 7204 0.542745  
1432 1255 0.537357  
1432 599 0.266265  
1432 1193 0.148484  
1432 1595 0.530864  
1432 1510 0.141602  
1432 519 0.349058  
1432 2192 1.01313  
1432 1384 0.164938  
1432 2119 0.0973891  
1432 490 0.371038  
1432 684 0.280917  
1432 1583 0.297356  
1432 1771 0.550426  
1432 255 0.697075  
1432 558 0.317336  
1432 1863 0.485884  
1432 85 0.646397  
1432 1843 0.0730166  
1432 1848 0.260941  
1432 1245 0.493398  
1432 1758 0.266008  
1432 116 0.523332  
1432 650 0.271421  
1843 7204 0.519068  
1843 1255 0.47063  
1843 599 0.205302  
1843 1193 0.0871557  
1843 1595 0.469195  
1843 1510 0.135897  
1843 519 0.286629  
1843 2192 0.95592  
1843 1384 0.132879  
1843 2119 0.0334585  
1843 490 0.309013  
1843 684 0.216881  
1843 1583 0.228908  
1843 1771 0.488278  
1843 255 0.630394  
1843 558 0.255311  
1843 1863 0.46158  
1843 85 0.582098  
1843 1432 0.0570279  
1843 1848 0.194697  
1843 1245 0.42935  
1843 1758 0.202898  
1843 116 0.471849  
1843 650 0.210291  
1848 7204 0.455968  
1848 1255 0.363736  
1848 599 0.150408  
1848 1193 0.142129  
1848 1595 0.370101  
1848 1510 0.294868  
1848 519 0.175127  
1848 2192 0.83102  
1848 1384 0.190263  
1848 2119 0.20184  
1848 490 0.183834  
1848 684 0.0972993  
1848 1583 0.229255  
1848 1771 0.31121  
1848 255 0.451544  
1848 558 0.128455  
1848 1863 0.489929  
1848 85 0.41993  
1848 1432 0.21449  
1848 1843 0.215013  
1848 1245 0.322457  
1848 1758 0.0926627  
1848 116 0.371785  
1848 650 0.144198  
1245 7204 0.598206  
1245 1255 0.0420169  
1245 599 0.395503  
1245 1193 0.354114  
1245 1595 0.0493992  
1245 1510 0.448541  
1245 519 0.394333  
1245 2192 0.855201  
1245 1384 0.27759  
1245 2119 0.319722  
1245 490 0.389761  
1245 684 0.380739  
1245 1583 0.306047  
1245 1771 0.231475  
1245 255 0.34245  
1245 558 0.341044  
1245 1863 0.738799  
1245 85 0.35444  
1245 1432 0.379282  
1245 1843 0.380496  
1245 1848 0.335953  
1245 1758 0.377109  
1245 116 0.446428  
1245 650 0.409652  
1758 7204 0.380143  
1758 1255 0.45965  
1758 599 0.0900219  
1758 1193 0.101713  
1758 1595 0.466015  
1758 1510 0.253246  
1758 519 0.106158  
1758 2192 0.796529  
1758 1384 0.216688  
1758 2119 0.168962  
1758 490 0.136255  
1758 684 0.0401052  
1758 1583 0.316545  
1758 1771 0.328599  
1758 255 0.453966  
1758 558 0.0791247  
1758 1863 0.423626  
1758 85 0.395207  
1758 1432 0.174074  
1758 1843 0.174597  
1758 1848 0.103451  
1758 1245 0.41837  
1758 116 0.291254  
1758 650 0.0717546  
116 7204 0.19937  
116 1255 0.480074  
116 599 0.223377  
116 1193 0.34864  
116 1595 0.486438  
116 1510 0.492777  
116 519 0.197556  
116 2192 0.469699  
116 1384 0.467673  
116 2119 0.412759  
116 490 0.185953  
116 684 0.248954  
116 1583 0.554609  
116 1771 0.277774  
116 255 0.39933  
116 558 0.224501  
116 1863 0.467223  
116 85 0.340571  
116 1432 0.411425  
116 1843 0.412639  
116 1848 0.340589  
116 1245 0.438794  
116 1758 0.276038  
116 650 0.259494  
650 7204 0.330586  
650 1255 0.451612  
650 599 0.0440754  
650 1193 0.128579  
650 1595 0.457977  
650 1510 0.281455  
650 519 0.0765871  
650 2192 0.772458  
650 1384 0.24957  
650 2119 0.195828  
650 490 0.106684  
650 684 0.0645022  
650 1583 0.346996  
650 1771 0.303969  
650 255 0.428926  
650 558 0.053332  
650 1863 0.375332  
650 85 0.370167  
650 1432 0.20094  
650 1843 0.201463  
650 1848 0.137884  
650 1245 0.410332  
650 1758 0.0929818  
650 116 0.261597  
;

