param o := 1179 ;
param s := 6179 ;

set R := 2027 956 1982 728 630 2198 1821 1551 1890 181 42 552 1870 792 87 1051 1442 1114 1779 1722 2 445 257 2091 ;
set M := 0 1 2 3 4 5 6 7 8 9 10 11 12 13 14 15 16 17 18 19 20 21 22 23 24 25 26 27 28 29 30 31 32 33 34 35 36 37 38 39 40 41 42 43 44 45 46 47 48 49 50 51 52 53 54 55 56 57 58 59 60 61 62 63 64 65 66 67 68 69 70 71 72 73 74 75 76 77 78 79 80 81 82 83 84 85 86 87 88 89 90 91 92 93 94 95 ;
param TTI := 
0 0
1 0.25
2 0.5
3 0.75
4 1
5 1.25
6 1.5
7 1.75
8 2
9 2.25
10 2.5
11 2.75
12 3
13 3.25
14 3.5
15 3.75
16 4
17 4.25
18 4.5
19 4.75
20 5
21 5.25
22 5.5
23 5.75
24 6
25 6.25
26 6.5
27 6.75
28 7
29 7.25
30 7.5
31 7.75
32 8
33 8.25
34 8.5
35 8.75
36 9
37 9.25
38 9.5
39 9.75
40 10
41 10.25
42 10.5
43 10.75
44 11
45 11.25
46 11.5
47 11.75
48 12
49 12.25
50 12.5
51 12.75
52 13
53 13.25
54 13.5
55 13.75
56 14
57 14.25
58 14.5
59 14.75
60 15
61 15.25
62 15.5
63 15.75
64 16
65 16.25
66 16.5
67 16.75
68 17
69 17.25
70 17.5
71 17.75
72 18
73 18.25
74 18.5
75 18.75
76 19
77 19.25
78 19.5
79 19.75
80 20
81 20.25
82 20.5
83 20.75
84 21
85 21.25
86 21.5
87 21.75
88 22
89 22.25
90 22.5
91 22.75
92 23
93 23.25
94 23.5
95 23.75
;

param TTF := 
0 0.25
1 0.5
2 0.75
3 1
4 1.25
5 1.5
6 1.75
7 2
8 2.25
9 2.5
10 2.75
11 3
12 3.25
13 3.5
14 3.75
15 4
16 4.25
17 4.5
18 4.75
19 5
20 5.25
21 5.5
22 5.75
23 6
24 6.25
25 6.5
26 6.75
27 7
28 7.25
29 7.5
30 7.75
31 8
32 8.25
33 8.5
34 8.75
35 9
36 9.25
37 9.5
38 9.75
39 10
40 10.25
41 10.5
42 10.75
43 11
44 11.25
45 11.5
46 11.75
47 12
48 12.25
49 12.5
50 12.75
51 13
52 13.25
53 13.5
54 13.75
55 14
56 14.25
57 14.5
58 14.75
59 15
60 15.25
61 15.5
62 15.75
63 16
64 16.25
65 16.5
66 16.75
67 17
68 17.25
69 17.5
70 17.75
71 18
72 18.25
73 18.5
74 18.75
75 19
76 19.25
77 19.5
78 19.75
79 20
80 20.25
81 20.5
82 20.75
83 21
84 21.25
85 21.5
86 21.75
87 22
88 22.25
89 22.5
90 22.75
91 23
92 23.25
93 23.5
94 23.75
95 24
;

param tf := 
1179 0 0.0343  1179 1 0.0441  1179 2 0.049  1179 3 0.0588  1179 4 0.0784  1179 5 0.0931  1179 6 0.1029  1179 7 0.1127  1179 8 0.1225  1179 9 0.1274  1179 10 0.1372  1179 11 0.1421  1179 12 0.1519  1179 13 0.1617  1179 14 0.1617  1179 15 0.1666  1179 16 0.1666  1179 17 0.1715  1179 18 0.1911  1179 19 0.2107  1179 20 0.245  1179 21 0.2597  1179 22 0.2646  1179 23 0.2499  1179 24 0.2254  1179 25 0.2058  1179 26 0.2058  1179 27 0.2107  1179 28 0.2303  1179 29 0.2401  1179 30 0.245  1179 31 0.2401  1179 32 0.2254  1179 33 0.2107  1179 34 0.2009  1179 35 0.196  1179 36 0.1911  1179 37 0.1813  1179 38 0.1666  1179 39 0.1568  1179 40 0.1323  1179 41 0.1225  1179 42 0.1127  1179 43 0.1029  1179 44 0.1029  1179 45 0.098  1179 46 0.0931  1179 47 0.0784  1179 48 0.0588  1179 49 0.0539  1179 50 0.0637  1179 51 0.0833  1179 52 0.1176  1179 53 0.1421  1179 54 0.1568  1179 55 0.1568  1179 56 0.147  1179 57 0.1421  1179 58 0.1519  1179 59 0.1568  1179 60 0.1715  1179 61 0.1862  1179 62 0.1862  1179 63 0.1764  1179 64 0.1617  1179 65 0.1568  1179 66 0.1519  1179 67 0.147  1179 68 0.1519  1179 69 0.1421  1179 70 0.1225  1179 71 0.0931  1179 72 0.049  1179 73 0.0196  1179 74 0.0049  1179 75 0  1179 76 0.0098  1179 77 0.0147  1179 78 0.0147  1179 79 0.0147  1179 80 0.0098  1179 81 0.0049  1179 82 0.0049  1179 83 0.0098  1179 84 0.0147  1179 85 0.0196  1179 86 0.0245  1179 87 0.0343  1179 88 0.0392  1179 89 0.049  1179 90 0.0539  1179 91 0.0637  1179 92 0.0784  1179 93 0.0833  1179 94 0.0833  1179 95 0.0735  
2027 0 0.4464  2027 1 0.4278  2027 2 0.3999  2027 3 0.372  2027 4 0.3255  2027 5 0.279  2027 6 0.2511  2027 7 0.2232  2027 8 0.1953  2027 9 0.1674  2027 10 0.1302  2027 11 0.0837  2027 12 0.0279  2027 13 0  2027 14 0  2027 15 0.0279  2027 16 0.093  2027 17 0.1209  2027 18 0.1209  2027 19 0.0837  2027 20 0.0279  2027 21 0  2027 22 0.0093  2027 23 0.0558  2027 24 0.1395  2027 25 0.2046  2027 26 0.2418  2027 27 0.2697  2027 28 0.2697  2027 29 0.279  2027 30 0.2976  2027 31 0.3162  2027 32 0.3348  2027 33 0.3441  2027 34 0.3441  2027 35 0.3348  2027 36 0.3069  2027 37 0.2883  2027 38 0.279  2027 39 0.279  2027 40 0.2883  2027 41 0.2883  2027 42 0.2697  2027 43 0.2418  2027 44 0.1953  2027 45 0.1581  2027 46 0.1488  2027 47 0.1488  2027 48 0.1674  2027 49 0.1674  2027 50 0.1395  2027 51 0.1023  2027 52 0.0465  2027 53 0.0186  2027 54 0.0279  2027 55 0.0744  2027 56 0.1488  2027 57 0.2139  2027 58 0.2511  2027 59 0.2604  2027 60 0.2511  2027 61 0.2604  2027 62 0.279  2027 63 0.3162  2027 64 0.3627  2027 65 0.3906  2027 66 0.4185  2027 67 0.4278  2027 68 0.4185  2027 69 0.4185  2027 70 0.4185  2027 71 0.4278  2027 72 0.4278  2027 73 0.4278  2027 74 0.4092  2027 75 0.3813  2027 76 0.3534  2027 77 0.3162  2027 78 0.2976  2027 79 0.2883  2027 80 0.2976  2027 81 0.279  2027 82 0.2511  2027 83 0.2046  2027 84 0.1395  2027 85 0.1023  2027 86 0.1023  2027 87 0.1209  2027 88 0.1674  2027 89 0.2139  2027 90 0.2511  2027 91 0.279  2027 92 0.2976  2027 93 0.3162  2027 94 0.3441  2027 95 0.372  
956 0 0.1632  956 1 0.1584  956 2 0.1536  956 3 0.1488  956 4 0.1392  956 5 0.1296  956 6 0.1248  956 7 0.1152  956 8 0.1152  956 9 0.1104  956 10 0.1008  956 11 0.0864  956 12 0.072  956 13 0.0672  956 14 0.0768  956 15 0.0912  956 16 0.1152  956 17 0.1248  956 18 0.1248  956 19 0.1056  956 20 0.0768  956 21 0.0576  956 22 0.0528  956 23 0.0624  956 24 0.0816  956 25 0.1008  956 26 0.1152  956 27 0.1296  956 28 0.1392  956 29 0.1536  956 30 0.168  956 31 0.1824  956 32 0.1968  956 33 0.2064  956 34 0.2016  956 35 0.1872  956 36 0.1632  956 37 0.144  956 38 0.1296  956 39 0.1152  956 40 0.1104  956 41 0.1008  956 42 0.0912  956 43 0.0816  956 44 0.0672  956 45 0.0672  956 46 0.0768  956 47 0.096  956 48 0.1296  956 49 0.1536  956 50 0.168  956 51 0.1728  956 52 0.1728  956 53 0.1728  956 54 0.1776  956 55 0.1872  956 56 0.192  956 57 0.1968  956 58 0.1968  956 59 0.1872  956 60 0.1728  956 61 0.1632  956 62 0.1488  956 63 0.1392  956 64 0.1296  956 65 0.1152  956 66 0.1008  956 67 0.0816  956 68 0.0624  956 69 0.048  956 70 0.0384  956 71 0.0336  956 72 0.0336  956 73 0.0336  956 74 0.0432  956 75 0.048  956 76 0.0624  956 77 0.0768  956 78 0.096  956 79 0.1248  956 80 0.1536  956 81 0.168  956 82 0.168  956 83 0.1536  956 84 0.1248  956 85 0.1008  956 86 0.0768  956 87 0.0576  956 88 0.0384  956 89 0.024  956 90 0.0144  956 91 0.0048  956 92 0  956 93 0.0096  956 94 0.0288  956 95 0.0576  
1982 0 0.0264  1982 1 0.0288  1982 2 0.0312  1982 3 0.0336  1982 4 0.0384  1982 5 0.0384  1982 6 0.0336  1982 7 0.0264  1982 8 0.012  1982 9 0.0072  1982 10 0.0048  1982 11 0.0096  1982 12 0.0192  1982 13 0.0288  1982 14 0.0336  1982 15 0.0336  1982 16 0.0336  1982 17 0.0336  1982 18 0.0336  1982 19 0.0336  1982 20 0.036  1982 21 0.0336  1982 22 0.0312  1982 23 0.0288  1982 24 0.0216  1982 25 0.0216  1982 26 0.024  1982 27 0.036  1982 28 0.0504  1982 29 0.0624  1982 30 0.0696  1982 31 0.072  1982 32 0.072  1982 33 0.072  1982 34 0.0696  1982 35 0.0672  1982 36 0.0648  1982 37 0.0576  1982 38 0.0504  1982 39 0.0384  1982 40 0.024  1982 41 0.0168  1982 42 0.0216  1982 43 0.0336  1982 44 0.0552  1982 45 0.072  1982 46 0.0792  1982 47 0.0816  1982 48 0.0768  1982 49 0.0744  1982 50 0.072  1982 51 0.0744  1982 52 0.0792  1982 53 0.0768  1982 54 0.0744  1982 55 0.0648  1982 56 0.0528  1982 57 0.0432  1982 58 0.0408  1982 59 0.0408  1982 60 0.0456  1982 61 0.0456  1982 62 0.0408  1982 63 0.0288  1982 64 0.0144  1982 65 0.0048  1982 66 0  1982 67 0.0024  1982 68 0.012  1982 69 0.0168  1982 70 0.0192  1982 71 0.0192  1982 72 0.0168  1982 73 0.0168  1982 74 0.0216  1982 75 0.0288  1982 76 0.0408  1982 77 0.0456  1982 78 0.0456  1982 79 0.0408  1982 80 0.0312  1982 81 0.0264  1982 82 0.0264  1982 83 0.0336  1982 84 0.0456  1982 85 0.0552  1982 86 0.0648  1982 87 0.0696  1982 88 0.072  1982 89 0.0768  1982 90 0.0864  1982 91 0.1008  1982 92 0.1152  1982 93 0.12  1982 94 0.1152  1982 95 0.0984  
728 0 0.336  728 1 0.329  728 2 0.315  728 3 0.301  728 4 0.273  728 5 0.252  728 6 0.238  728 7 0.224  728 8 0.21  728 9 0.196  728 10 0.189  728 11 0.175  728 12 0.161  728 13 0.154  728 14 0.147  728 15 0.14  728 16 0.14  728 17 0.133  728 18 0.112  728 19 0.077  728 20 0.028  728 21 0.007  728 22 0  728 23 0.021  728 24 0.056  728 25 0.084  728 26 0.084  728 27 0.077  728 28 0.049  728 29 0.028  728 30 0.028  728 31 0.035  728 32 0.056  728 33 0.077  728 34 0.091  728 35 0.098  728 36 0.112  728 37 0.119  728 38 0.14  728 39 0.161  728 40 0.189  728 41 0.21  728 42 0.224  728 43 0.231  728 44 0.231  728 45 0.238  728 46 0.252  728 47 0.273  728 48 0.301  728 49 0.308  728 50 0.294  728 51 0.266  728 52 0.21  728 53 0.175  728 54 0.161  728 55 0.161  728 56 0.168  728 57 0.175  728 58 0.168  728 59 0.154  728 60 0.133  728 61 0.119  728 62 0.119  728 63 0.126  728 64 0.147  728 65 0.161  728 66 0.168  728 67 0.168  728 68 0.168  728 69 0.175  728 70 0.203  728 71 0.252  728 72 0.315  728 73 0.364  728 74 0.385  728 75 0.385  728 76 0.371  728 77 0.364  728 78 0.364  728 79 0.371  728 80 0.378  728 81 0.385  728 82 0.385  728 83 0.378  728 84 0.371  728 85 0.357  728 86 0.35  728 87 0.336  728 88 0.329  728 89 0.315  728 90 0.308  728 91 0.294  728 92 0.273  728 93 0.266  728 94 0.266  728 95 0.28  
630 0 0.3828  630 1 0.3696  630 2 0.3564  630 3 0.3432  630 4 0.3168  630 5 0.2904  630 6 0.264  630 7 0.2442  630 8 0.2178  630 9 0.198  630 10 0.1782  630 11 0.165  630 12 0.1518  630 13 0.1584  630 14 0.1782  630 15 0.2178  630 16 0.2772  630 17 0.3102  630 18 0.3234  630 19 0.3168  630 20 0.2838  630 21 0.264  630 22 0.2442  630 23 0.2442  630 24 0.2442  630 25 0.231  630 26 0.198  630 27 0.1386  630 28 0.066  630 29 0.0132  630 30 0  630 31 0.0132  630 32 0.0594  630 33 0.0792  630 34 0.0858  630 35 0.0726  630 36 0.0396  630 37 0.033  630 38 0.0396  630 39 0.066  630 40 0.1122  630 41 0.132  630 42 0.132  630 43 0.1056  630 44 0.0594  630 45 0.033  630 46 0.033  630 47 0.0594  630 48 0.1056  630 49 0.1386  630 50 0.1452  630 51 0.1386  630 52 0.1188  630 53 0.1122  630 54 0.132  630 55 0.1716  630 56 0.231  630 57 0.264  630 58 0.2706  630 59 0.264  630 60 0.231  630 61 0.2112  630 62 0.2046  630 63 0.2112  630 64 0.2376  630 65 0.2508  630 66 0.2508  630 67 0.2442  630 68 0.2178  630 69 0.2112  630 70 0.2178  630 71 0.231  630 72 0.2574  630 73 0.2706  630 74 0.2838  630 75 0.2904  630 76 0.2838  630 77 0.2838  630 78 0.2904  630 79 0.297  630 80 0.3102  630 81 0.3168  630 82 0.3168  630 83 0.3102  630 84 0.2904  630 85 0.2838  630 86 0.2706  630 87 0.264  630 88 0.264  630 89 0.2574  630 90 0.2442  630 91 0.231  630 92 0.2112  630 93 0.2112  630 94 0.2244  630 95 0.2574  
2198 0 0.0155  2198 1 0.0124  2198 2 0.0093  2198 3 0.0062  2198 4 0.0031  2198 5 0  2198 6 0  2198 7 0.0031  2198 8 0.0093  2198 9 0.0124  2198 10 0.0155  2198 11 0.0186  2198 12 0.0186  2198 13 0.0217  2198 14 0.0248  2198 15 0.0279  2198 16 0.0341  2198 17 0.0403  2198 18 0.0403  2198 19 0.0372  2198 20 0.031  2198 21 0.0279  2198 22 0.0248  2198 23 0.0248  2198 24 0.0279  2198 25 0.0248  2198 26 0.0217  2198 27 0.0155  2198 28 0.0062  2198 29 0  2198 30 0  2198 31 0.0031  2198 32 0.0124  2198 33 0.0186  2198 34 0.0217  2198 35 0.0217  2198 36 0.0186  2198 37 0.0186  2198 38 0.0217  2198 39 0.031  2198 40 0.0372  2198 41 0.0434  2198 42 0.0465  2198 43 0.0434  2198 44 0.0403  2198 45 0.0341  2198 46 0.0341  2198 47 0.031  2198 48 0.031  2198 49 0.031  2198 50 0.0279  2198 51 0.0279  2198 52 0.0279  2198 53 0.0279  2198 54 0.0279  2198 55 0.0341  2198 56 0.0372  2198 57 0.0403  2198 58 0.0403  2198 59 0.0372  2198 60 0.0341  2198 61 0.031  2198 62 0.0279  2198 63 0.0248  2198 64 0.0248  2198 65 0.0248  2198 66 0.0248  2198 67 0.0248  2198 68 0.0248  2198 69 0.0248  2198 70 0.0279  2198 71 0.031  2198 72 0.0341  2198 73 0.0372  2198 74 0.0341  2198 75 0.0279  2198 76 0.0217  2198 77 0.0155  2198 78 0.0155  2198 79 0.0155  2198 80 0.0217  2198 81 0.0248  2198 82 0.0248  2198 83 0.0248  2198 84 0.0217  2198 85 0.0217  2198 86 0.0217  2198 87 0.0217  2198 88 0.0217  2198 89 0.0217  2198 90 0.0217  2198 91 0.0186  2198 92 0.0155  2198 93 0.0124  2198 94 0.0093  2198 95 0.0093  
1821 0 0.243  1821 1 0.234  1821 2 0.225  1821 3 0.225  1821 4 0.207  1821 5 0.198  1821 6 0.189  1821 7 0.18  1821 8 0.171  1821 9 0.162  1821 10 0.153  1821 11 0.135  1821 12 0.108  1821 13 0.108  1821 14 0.117  1821 15 0.135  1821 16 0.18  1821 17 0.189  1821 18 0.189  1821 19 0.162  1821 20 0.117  1821 21 0.09  1821 22 0.081  1821 23 0.09  1821 24 0.126  1821 25 0.153  1821 26 0.18  1821 27 0.198  1821 28 0.216  1821 29 0.234  1821 30 0.252  1821 31 0.279  1821 32 0.297  1821 33 0.306  1821 34 0.306  1821 35 0.279  1821 36 0.252  1821 37 0.216  1821 38 0.198  1821 39 0.18  1821 40 0.162  1821 41 0.153  1821 42 0.135  1821 43 0.117  1821 44 0.099  1821 45 0.099  1821 46 0.117  1821 47 0.153  1821 48 0.198  1821 49 0.234  1821 50 0.252  1821 51 0.261  1821 52 0.261  1821 53 0.261  1821 54 0.27  1821 55 0.279  1821 56 0.297  1821 57 0.297  1821 58 0.297  1821 59 0.288  1821 60 0.261  1821 61 0.243  1821 62 0.225  1821 63 0.207  1821 64 0.198  1821 65 0.18  1821 66 0.153  1821 67 0.126  1821 68 0.099  1821 69 0.072  1821 70 0.054  1821 71 0.054  1821 72 0.054  1821 73 0.054  1821 74 0.063  1821 75 0.072  1821 76 0.09  1821 77 0.117  1821 78 0.153  1821 79 0.189  1821 80 0.225  1821 81 0.252  1821 82 0.252  1821 83 0.234  1821 84 0.189  1821 85 0.153  1821 86 0.117  1821 87 0.081  1821 88 0.054  1821 89 0.036  1821 90 0.018  1821 91 0.009  1821 92 0  1821 93 0.009  1821 94 0.036  1821 95 0.09  
1551 0 0  1551 1 0.0154  1551 2 0.0308  1551 3 0.0385  1551 4 0.0693  1551 5 0.0924  1551 6 0.1155  1551 7 0.1386  1551 8 0.1617  1551 9 0.1848  1551 10 0.2079  1551 11 0.2233  1551 12 0.231  1551 13 0.231  1551 14 0.2079  1551 15 0.1617  1551 16 0.1078  1551 17 0.0693  1551 18 0.0616  1551 19 0.0693  1551 20 0.1001  1551 21 0.1232  1551 22 0.1386  1551 23 0.1386  1551 24 0.1386  1551 25 0.154  1551 26 0.1848  1551 27 0.2464  1551 28 0.3234  1551 29 0.3696  1551 30 0.385  1551 31 0.3773  1551 32 0.3311  1551 33 0.308  1551 34 0.3003  1551 35 0.3157  1551 36 0.3465  1551 37 0.3542  1551 38 0.3465  1551 39 0.3234  1551 40 0.2695  1551 41 0.2541  1551 42 0.2541  1551 43 0.2772  1551 44 0.3311  1551 45 0.3542  1551 46 0.3542  1551 47 0.3311  1551 48 0.2849  1551 49 0.2464  1551 50 0.2387  1551 51 0.2464  1551 52 0.2695  1551 53 0.2695  1551 54 0.2541  1551 55 0.2156  1551 56 0.154  1551 57 0.1232  1551 58 0.1078  1551 59 0.1232  1551 60 0.154  1551 61 0.1771  1551 62 0.1771  1551 63 0.1694  1551 64 0.1463  1551 65 0.1309  1551 66 0.1309  1551 67 0.1386  1551 68 0.1617  1551 69 0.1694  1551 70 0.1694  1551 71 0.154  1551 72 0.1309  1551 73 0.1078  1551 74 0.1001  1551 75 0.0924  1551 76 0.1001  1551 77 0.1001  1551 78 0.0924  1551 79 0.0847  1551 80 0.0693  1551 81 0.0693  1551 82 0.0693  1551 83 0.077  1551 84 0.0924  1551 85 0.1001  1551 86 0.1078  1551 87 0.1155  1551 88 0.1232  1551 89 0.1309  1551 90 0.1386  1551 91 0.154  1551 92 0.1771  1551 93 0.1771  1551 94 0.1617  1551 95 0.1232  
1890 0 0.056  1890 1 0.072  1890 2 0.08  1890 3 0.088  1890 4 0.112  1890 5 0.12  1890 6 0.12  1890 7 0.096  1890 8 0.064  1890 9 0.04  1890 10 0.032  1890 11 0.04  1890 12 0.056  1890 13 0.072  1890 14 0.08  1890 15 0.088  1890 16 0.096  1890 17 0.112  1890 18 0.12  1890 19 0.144  1890 20 0.176  1890 21 0.2  1890 22 0.224  1890 23 0.24  1890 24 0.256  1890 25 0.28  1890 26 0.32  1890 27 0.36  1890 28 0.408  1890 29 0.432  1890 30 0.432  1890 31 0.408  1890 32 0.352  1890 33 0.312  1890 34 0.28  1890 35 0.272  1890 36 0.28  1890 37 0.264  1890 38 0.224  1890 39 0.168  1890 40 0.096  1890 41 0.04  1890 42 0.016  1890 43 0.016  1890 44 0.04  1890 45 0.056  1890 46 0.064  1890 47 0.064  1890 48 0.056  1890 49 0.056  1890 50 0.064  1890 51 0.08  1890 52 0.104  1890 53 0.128  1890 54 0.144  1890 55 0.16  1890 56 0.168  1890 57 0.176  1890 58 0.192  1890 59 0.208  1890 60 0.232  1890 61 0.232  1890 62 0.216  1890 63 0.176  1890 64 0.112  1890 65 0.072  1890 66 0.04  1890 67 0.024  1890 68 0.024  1890 69 0.016  1890 70 0.016  1890 71 0.008  1890 72 0  1890 73 0.008  1890 74 0.024  1890 75 0.056  1890 76 0.104  1890 77 0.136  1890 78 0.16  1890 79 0.168  1890 80 0.168  1890 81 0.176  1890 82 0.176  1890 83 0.192  1890 84 0.208  1890 85 0.208  1890 86 0.184  1890 87 0.152  1890 88 0.104  1890 89 0.072  1890 90 0.056  1890 91 0.056  1890 92 0.072  1890 93 0.08  1890 94 0.088  1890 95 0.08  
181 0 0.195  181 1 0.1872  181 2 0.1872  181 3 0.1794  181 4 0.1716  181 5 0.1716  181 6 0.1872  181 7 0.2184  181 8 0.2652  181 9 0.2886  181 10 0.2886  181 11 0.2652  181 12 0.2106  181 13 0.1872  181 14 0.1716  181 15 0.1794  181 16 0.2028  181 17 0.234  181 18 0.2574  181 19 0.2886  181 20 0.312  181 21 0.3432  181 22 0.3744  181 23 0.4056  181 24 0.4368  181 25 0.4524  181 26 0.4602  181 27 0.4602  181 28 0.4446  181 29 0.4368  181 30 0.4212  181 31 0.4134  181 32 0.4134  181 33 0.39  181 34 0.3588  181 35 0.3198  181 36 0.2652  181 37 0.234  181 38 0.2184  181 39 0.2262  181 40 0.2496  181 41 0.2652  181 42 0.2652  181 43 0.2652  181 44 0.2574  181 45 0.2574  181 46 0.2808  181 47 0.312  181 48 0.3666  181 49 0.3978  181 50 0.4134  181 51 0.3978  181 52 0.3666  181 53 0.3354  181 54 0.312  181 55 0.2808  181 56 0.2496  181 57 0.2184  181 58 0.1872  181 59 0.1482  181 60 0.1092  181 61 0.0936  181 62 0.1092  181 63 0.1482  181 64 0.2106  181 65 0.2574  181 66 0.2886  181 67 0.3042  181 68 0.312  181 69 0.3198  181 70 0.3354  181 71 0.3588  181 72 0.3822  181 73 0.4056  181 74 0.4134  181 75 0.4134  181 76 0.4134  181 77 0.4134  181 78 0.4134  181 79 0.4212  181 80 0.429  181 81 0.4212  181 82 0.39  181 83 0.3354  181 84 0.2574  181 85 0.2106  181 86 0.1794  181 87 0.1716  181 88 0.1872  181 89 0.1872  181 90 0.156  181 91 0.1092  181 92 0.039  181 93 0  181 94 0  181 95 0.0312  
42 0 0.273  42 1 0.2457  42 2 0.2184  42 3 0.182  42 4 0.1274  42 5 0.091  42 6 0.0728  42 7 0.0819  42 8 0.1092  42 9 0.1092  42 10 0.1001  42 11 0.0728  42 12 0.0182  42 13 0  42 14 0.0091  42 15 0.0364  42 16 0.1092  42 17 0.1456  42 18 0.1729  42 19 0.1729  42 20 0.1638  42 21 0.1547  42 22 0.1547  42 23 0.1638  42 24 0.1911  42 25 0.2002  42 26 0.2184  42 27 0.2184  42 28 0.2184  42 29 0.2184  42 30 0.2275  42 31 0.2366  42 32 0.2548  42 33 0.2548  42 34 0.2457  42 35 0.2275  42 36 0.1911  42 37 0.1638  42 38 0.1547  42 39 0.1456  42 40 0.1638  42 41 0.1729  42 42 0.1911  42 43 0.2093  42 44 0.2366  42 45 0.2548  42 46 0.273  42 47 0.3003  42 48 0.3276  42 49 0.3367  42 50 0.3367  42 51 0.3276  42 52 0.3003  42 53 0.2821  42 54 0.2548  42 55 0.2366  42 56 0.2275  42 57 0.2093  42 58 0.1911  42 59 0.1729  42 60 0.1547  42 61 0.1456  42 62 0.1456  42 63 0.1547  42 64 0.1729  42 65 0.1729  42 66 0.1547  42 67 0.1183  42 68 0.0728  42 69 0.0364  42 70 0.0364  42 71 0.0455  42 72 0.0819  42 73 0.1092  42 74 0.1183  42 75 0.1274  42 76 0.1183  42 77 0.1274  42 78 0.1638  42 79 0.2093  42 80 0.273  42 81 0.3185  42 82 0.3549  42 83 0.364  42 84 0.364  42 85 0.3549  42 86 0.3549  42 87 0.3549  42 88 0.3549  42 89 0.3549  42 90 0.3367  42 91 0.3185  42 92 0.2821  42 93 0.2639  42 94 0.2548  42 95 0.2548  
552 0 0.184  552 1 0.1656  552 2 0.1472  552 3 0.1242  552 4 0.0874  552 5 0.0644  552 6 0.0506  552 7 0.0552  552 8 0.0736  552 9 0.0782  552 10 0.069  552 11 0.046  552 12 0.0138  552 13 0  552 14 0.0046  552 15 0.0276  552 16 0.0736  552 17 0.0966  552 18 0.115  552 19 0.1196  552 20 0.1104  552 21 0.1058  552 22 0.1058  552 23 0.115  552 24 0.1288  552 25 0.138  552 26 0.1472  552 27 0.1472  552 28 0.1472  552 29 0.1518  552 30 0.1564  552 31 0.161  552 32 0.1748  552 33 0.1748  552 34 0.1702  552 35 0.1518  552 36 0.1288  552 37 0.1104  552 38 0.1058  552 39 0.1012  552 40 0.1104  552 41 0.1196  552 42 0.1288  552 43 0.1426  552 44 0.1564  552 45 0.1748  552 46 0.1886  552 47 0.207  552 48 0.2208  552 49 0.23  552 50 0.23  552 51 0.2208  552 52 0.207  552 53 0.1886  552 54 0.1748  552 55 0.161  552 56 0.1518  552 57 0.1426  552 58 0.1288  552 59 0.1196  552 60 0.1058  552 61 0.1012  552 62 0.1012  552 63 0.1058  552 64 0.115  552 65 0.115  552 66 0.1058  552 67 0.0828  552 68 0.046  552 69 0.0276  552 70 0.023  552 71 0.0322  552 72 0.0552  552 73 0.0736  552 74 0.0828  552 75 0.0828  552 76 0.0782  552 77 0.0874  552 78 0.1104  552 79 0.1426  552 80 0.184  552 81 0.2162  552 82 0.2392  552 83 0.2484  552 84 0.2438  552 85 0.2438  552 86 0.2392  552 87 0.2438  552 88 0.2438  552 89 0.2392  552 90 0.23  552 91 0.2162  552 92 0.1932  552 93 0.1794  552 94 0.1702  552 95 0.1702  
1870 0 0.0867  1870 1 0.0816  1870 2 0.0816  1870 3 0.0765  1870 4 0.0714  1870 5 0.0714  1870 6 0.0714  1870 7 0.0765  1870 8 0.0816  1870 9 0.0867  1870 10 0.0918  1870 11 0.0867  1870 12 0.0867  1870 13 0.0816  1870 14 0.0765  1870 15 0.0765  1870 16 0.0765  1870 17 0.0714  1870 18 0.0714  1870 19 0.0663  1870 20 0.0561  1870 21 0.051  1870 22 0.0459  1870 23 0.0408  1870 24 0.0408  1870 25 0.0357  1870 26 0.0255  1870 27 0.0153  1870 28 0.0051  1870 29 0  1870 30 0  1870 31 0.0051  1870 32 0.0204  1870 33 0.0306  1870 34 0.0357  1870 35 0.0357  1870 36 0.0357  1870 37 0.0408  1870 38 0.0459  1870 39 0.0612  1870 40 0.0765  1870 41 0.0867  1870 42 0.0918  1870 43 0.0918  1870 44 0.0867  1870 45 0.0867  1870 46 0.0816  1870 47 0.0816  1870 48 0.0867  1870 49 0.0867  1870 50 0.0816  1870 51 0.0816  1870 52 0.0765  1870 53 0.0663  1870 54 0.0663  1870 55 0.0612  1870 56 0.0612  1870 57 0.0561  1870 58 0.0561  1870 59 0.051  1870 60 0.0459  1870 61 0.0459  1870 62 0.051  1870 63 0.0561  1870 64 0.0714  1870 65 0.0816  1870 66 0.0867  1870 67 0.0918  1870 68 0.0918  1870 69 0.0918  1870 70 0.0969  1870 71 0.0969  1870 72 0.0969  1870 73 0.0969  1870 74 0.0918  1870 75 0.0867  1870 76 0.0765  1870 77 0.0663  1870 78 0.0612  1870 79 0.0612  1870 80 0.0612  1870 81 0.0561  1870 82 0.0561  1870 83 0.0561  1870 84 0.051  1870 85 0.051  1870 86 0.0561  1870 87 0.0612  1870 88 0.0765  1870 89 0.0816  1870 90 0.0867  1870 91 0.0867  1870 92 0.0816  1870 93 0.0765  1870 94 0.0765  1870 95 0.0765  
792 0 0.0156  792 1 0.0195  792 2 0.0234  792 3 0.0273  792 4 0.0351  792 5 0.039  792 6 0.039  792 7 0.0351  792 8 0.0312  792 9 0.0312  792 10 0.0312  792 11 0.0351  792 12 0.039  792 13 0.0429  792 14 0.0429  792 15 0.039  792 16 0.0351  792 17 0.0312  792 18 0.0312  792 19 0.0312  792 20 0.039  792 21 0.0429  792 22 0.0429  792 23 0.039  792 24 0.0351  792 25 0.0312  792 26 0.0312  792 27 0.0273  792 28 0.0273  792 29 0.0273  792 30 0.0195  792 31 0.0156  792 32 0.0078  792 33 0  792 34 0  792 35 0.0039  792 36 0.0078  792 37 0.0156  792 38 0.0195  792 39 0.0234  792 40 0.0273  792 41 0.0312  792 42 0.039  792 43 0.0429  792 44 0.0507  792 45 0.0546  792 46 0.0546  792 47 0.0507  792 48 0.039  792 49 0.0351  792 50 0.0312  792 51 0.0351  792 52 0.039  792 53 0.0429  792 54 0.0429  792 55 0.0429  792 56 0.039  792 57 0.039  792 58 0.0351  792 59 0.039  792 60 0.039  792 61 0.0429  792 62 0.0429  792 63 0.0429  792 64 0.0468  792 65 0.0468  792 66 0.0507  792 67 0.0546  792 68 0.0585  792 69 0.0624  792 70 0.0585  792 71 0.0507  792 72 0.0429  792 73 0.0351  792 74 0.0351  792 75 0.0351  792 76 0.039  792 77 0.0429  792 78 0.0429  792 79 0.039  792 80 0.039  792 81 0.0351  792 82 0.0351  792 83 0.0351  792 84 0.039  792 85 0.0351  792 86 0.0351  792 87 0.0273  792 88 0.0195  792 89 0.0117  792 90 0.0117  792 91 0.0117  792 92 0.0117  792 93 0.0156  792 94 0.0156  792 95 0.0156  
87 0 0.1548  87 1 0.1548  87 2 0.1462  87 3 0.1462  87 4 0.1376  87 5 0.1462  87 6 0.1548  87 7 0.172  87 8 0.1978  87 9 0.215  87 10 0.215  87 11 0.1892  87 12 0.1634  87 13 0.1376  87 14 0.129  87 15 0.1204  87 16 0.129  87 17 0.1376  87 18 0.1462  87 19 0.1548  87 20 0.1634  87 21 0.1806  87 22 0.1978  87 23 0.215  87 24 0.2408  87 25 0.258  87 26 0.258  87 27 0.258  87 28 0.2408  87 29 0.2322  87 30 0.2408  87 31 0.2408  87 32 0.258  87 33 0.2666  87 34 0.2666  87 35 0.2666  87 36 0.2494  87 37 0.2408  87 38 0.2408  87 39 0.2408  87 40 0.2408  87 41 0.2408  87 42 0.2408  87 43 0.2322  87 44 0.2322  87 45 0.2236  87 46 0.215  87 47 0.215  87 48 0.2064  87 49 0.1892  87 50 0.172  87 51 0.129  87 52 0.086  87 53 0.0602  87 54 0.0516  87 55 0.0602  87 56 0.086  87 57 0.1118  87 58 0.1204  87 59 0.129  87 60 0.129  87 61 0.1376  87 62 0.1462  87 63 0.1634  87 64 0.1892  87 65 0.1978  87 66 0.1892  87 67 0.1634  87 68 0.1204  87 69 0.0946  87 70 0.0774  87 71 0.0774  87 72 0.086  87 73 0.0946  87 74 0.1032  87 75 0.1118  87 76 0.1204  87 77 0.1376  87 78 0.1462  87 79 0.1462  87 80 0.1634  87 81 0.1548  87 82 0.129  87 83 0.0946  87 84 0.043  87 85 0.0086  87 86 0  87 87 0.0172  87 88 0.0516  87 89 0.0774  87 90 0.0946  87 91 0.0946  87 92 0.086  87 93 0.086  87 94 0.0946  87 95 0.1032  
1051 0 0.012  1051 1 0.0156  1051 2 0.0192  1051 3 0.0228  1051 4 0.03  1051 5 0.0336  1051 6 0.036  1051 7 0.036  1051 8 0.0324  1051 9 0.0312  1051 10 0.0336  1051 11 0.0372  1051 12 0.0432  1051 13 0.0456  1051 14 0.0456  1051 15 0.0408  1051 16 0.0324  1051 17 0.0276  1051 18 0.024  1051 19 0.024  1051 20 0.0264  1051 21 0.0264  1051 22 0.0264  1051 23 0.0252  1051 24 0.0216  1051 25 0.0204  1051 26 0.0192  1051 27 0.018  1051 28 0.018  1051 29 0.018  1051 30 0.0168  1051 31 0.0156  1051 32 0.0144  1051 33 0.0132  1051 34 0.0144  1051 35 0.018  1051 36 0.0216  1051 37 0.0252  1051 38 0.0264  1051 39 0.0276  1051 40 0.0264  1051 41 0.024  1051 42 0.0216  1051 43 0.0192  1051 44 0.0168  1051 45 0.0144  1051 46 0.0108  1051 47 0.0084  1051 48 0.0048  1051 49 0.0036  1051 50 0.0036  1051 51 0.0048  1051 52 0.0084  1051 53 0.0108  1051 54 0.0132  1051 55 0.0156  1051 56 0.018  1051 57 0.0204  1051 58 0.0216  1051 59 0.024  1051 60 0.0264  1051 61 0.0276  1051 62 0.0276  1051 63 0.0264  1051 64 0.024  1051 65 0.024  1051 66 0.0264  1051 67 0.0312  1051 68 0.0372  1051 69 0.0408  1051 70 0.042  1051 71 0.0396  1051 72 0.036  1051 73 0.0324  1051 74 0.0312  1051 75 0.03  1051 76 0.0312  1051 77 0.03  1051 78 0.0264  1051 79 0.0204  1051 80 0.012  1051 81 0.006  1051 82 0.0012  1051 83 0  1051 84 0  1051 85 0.0012  1051 86 0.0012  1051 87 0.0012  1051 88 0.0012  1051 89 0.0012  1051 90 0.0036  1051 91 0.006  1051 92 0.0096  1051 93 0.0132  1051 94 0.0144  1051 95 0.0144  
1442 0 0.0264  1442 1 0.033  1442 2 0.0396  1442 3 0.0462  1442 4 0.0594  1442 5 0.0726  1442 6 0.0792  1442 7 0.0858  1442 8 0.0924  1442 9 0.099  1442 10 0.1056  1442 11 0.1122  1442 12 0.1188  1442 13 0.1254  1442 14 0.1254  1442 15 0.1254  1442 16 0.1254  1442 17 0.132  1442 18 0.1452  1442 19 0.165  1442 20 0.1914  1442 21 0.198  1442 22 0.2046  1442 23 0.1914  1442 24 0.1716  1442 25 0.1584  1442 26 0.1584  1442 27 0.165  1442 28 0.1782  1442 29 0.1848  1442 30 0.1914  1442 31 0.1848  1442 32 0.1716  1442 33 0.165  1442 34 0.1584  1442 35 0.1518  1442 36 0.1452  1442 37 0.1386  1442 38 0.132  1442 39 0.1188  1442 40 0.1056  1442 41 0.0924  1442 42 0.0858  1442 43 0.0792  1442 44 0.0792  1442 45 0.0792  1442 46 0.0726  1442 47 0.0594  1442 48 0.0462  1442 49 0.0396  1442 50 0.0462  1442 51 0.066  1442 52 0.0924  1442 53 0.1122  1442 54 0.1188  1442 55 0.1188  1442 56 0.1122  1442 57 0.1122  1442 58 0.1188  1442 59 0.1188  1442 60 0.132  1442 61 0.1452  1442 62 0.1452  1442 63 0.1386  1442 64 0.1254  1442 65 0.1188  1442 66 0.1188  1442 67 0.1122  1442 68 0.1188  1442 69 0.1122  1442 70 0.0924  1442 71 0.0726  1442 72 0.0396  1442 73 0.0132  1442 74 0  1442 75 0  1442 76 0.0066  1442 77 0.0132  1442 78 0.0132  1442 79 0.0132  1442 80 0.0066  1442 81 0  1442 82 0  1442 83 0.0066  1442 84 0.0132  1442 85 0.0132  1442 86 0.0198  1442 87 0.0264  1442 88 0.033  1442 89 0.0396  1442 90 0.0396  1442 91 0.0528  1442 92 0.0594  1442 93 0.066  1442 94 0.066  1442 95 0.0594  
1114 0 0.0007  1114 1 0.0007  1114 2 0.0007  1114 3 0.0007  1114 4 0.0006  1114 5 0.0006  1114 6 0.0007  1114 7 0.0008  1114 8 0.001  1114 9 0.0011  1114 10 0.0011  1114 11 0.001  1114 12 0.0008  1114 13 0.0007  1114 14 0.0006  1114 15 0.0007  1114 16 0.0008  1114 17 0.0009  1114 18 0.001  1114 19 0.0011  1114 20 0.0012  1114 21 0.0013  1114 22 0.0014  1114 23 0.0015  1114 24 0.0016  1114 25 0.0017  1114 26 0.0018  1114 27 0.0018  1114 28 0.0017  1114 29 0.0016  1114 30 0.0016  1114 31 0.0016  1114 32 0.0016  1114 33 0.0015  1114 34 0.0014  1114 35 0.0012  1114 36 0.001  1114 37 0.0009  1114 38 0.0008  1114 39 0.0009  1114 40 0.0009  1114 41 0.001  1114 42 0.001  1114 43 0.001  1114 44 0.001  1114 45 0.001  1114 46 0.0011  1114 47 0.0012  1114 48 0.0014  1114 49 0.0015  1114 50 0.0016  1114 51 0.0015  1114 52 0.0014  1114 53 0.0013  1114 54 0.0012  1114 55 0.0011  1114 56 0.0009  1114 57 0.0008  1114 58 0.0007  1114 59 0.0006  1114 60 0.0004  1114 61 0.0004  1114 62 0.0004  1114 63 0.0006  1114 64 0.0008  1114 65 0.001  1114 66 0.0011  1114 67 0.0012  1114 68 0.0012  1114 69 0.0012  1114 70 0.0013  1114 71 0.0013  1114 72 0.0015  1114 73 0.0015  1114 74 0.0016  1114 75 0.0016  1114 76 0.0016  1114 77 0.0016  1114 78 0.0016  1114 79 0.0016  1114 80 0.0016  1114 81 0.0016  1114 82 0.0015  1114 83 0.0013  1114 84 0.001  1114 85 0.0008  1114 86 0.0007  1114 87 0.0007  1114 88 0.0007  1114 89 0.0007  1114 90 0.0006  1114 91 0.0004  1114 92 0.0001  1114 93 0  1114 94 0  1114 95 0.0001  
1779 0 0.0114  1779 1 0.0114  1779 2 0.0108  1779 3 0.0108  1779 4 0.0102  1779 5 0.0102  1779 6 0.0108  1779 7 0.012  1779 8 0.0132  1779 9 0.0138  1779 10 0.0144  1779 11 0.0138  1779 12 0.0126  1779 13 0.0114  1779 14 0.0108  1779 15 0.0108  1779 16 0.0108  1779 17 0.0108  1779 18 0.0108  1779 19 0.0108  1779 20 0.0108  1779 21 0.0108  1779 22 0.0108  1779 23 0.0114  1779 24 0.0126  1779 25 0.0126  1779 26 0.012  1779 27 0.0108  1779 28 0.009  1779 29 0.0072  1779 30 0.0066  1779 31 0.006  1779 32 0.006  1779 33 0.006  1779 34 0.0066  1779 35 0.0066  1779 36 0.0072  1779 37 0.0078  1779 38 0.009  1779 39 0.0102  1779 40 0.012  1779 41 0.0126  1779 42 0.0126  1779 43 0.0108  1779 44 0.0078  1779 45 0.006  1779 46 0.0048  1779 47 0.0048  1779 48 0.0054  1779 49 0.006  1779 50 0.006  1779 51 0.006  1779 52 0.0054  1779 53 0.0054  1779 54 0.006  1779 55 0.0066  1779 56 0.0084  1779 57 0.0096  1779 58 0.0102  1779 59 0.0102  1779 60 0.0096  1779 61 0.0096  1779 62 0.0102  1779 63 0.0114  1779 64 0.0132  1779 65 0.0144  1779 66 0.015  1779 67 0.0144  1779 68 0.0132  1779 69 0.0126  1779 70 0.0126  1779 71 0.0126  1779 72 0.0126  1779 73 0.0126  1779 74 0.0126  1779 75 0.0114  1779 76 0.0102  1779 77 0.0096  1779 78 0.009  1779 79 0.0096  1779 80 0.0114  1779 81 0.012  1779 82 0.0114  1779 83 0.0108  1779 84 0.009  1779 85 0.0078  1779 86 0.0072  1779 87 0.0066  1779 88 0.006  1779 89 0.0054  1779 90 0.0042  1779 91 0.0024  1779 92 0.0006  1779 93 0  1779 94 0.0006  1779 95 0.003  
1722 0 0.1681  1722 1 0.1599  1722 2 0.1558  1722 3 0.1517  1722 4 0.1394  1722 5 0.1312  1722 6 0.1312  1722 7 0.1394  1722 8 0.1558  1722 9 0.1599  1722 10 0.1558  1722 11 0.1476  1722 12 0.1271  1722 13 0.1189  1722 14 0.1189  1722 15 0.1271  1722 16 0.1476  1722 17 0.1599  1722 18 0.164  1722 19 0.1599  1722 20 0.1476  1722 21 0.1394  1722 22 0.1353  1722 23 0.1353  1722 24 0.1394  1722 25 0.1353  1722 26 0.123  1722 27 0.0984  1722 28 0.0656  1722 29 0.0451  1722 30 0.0369  1722 31 0.041  1722 32 0.0615  1722 33 0.0656  1722 34 0.0615  1722 35 0.041  1722 36 0.0123  1722 37 0  1722 38 0.0041  1722 39 0.0246  1722 40 0.0574  1722 41 0.082  1722 42 0.0943  1722 43 0.0943  1722 44 0.082  1722 45 0.0738  1722 46 0.0779  1722 47 0.0861  1722 48 0.0984  1722 49 0.1066  1722 50 0.1066  1722 51 0.0984  1722 52 0.0861  1722 53 0.082  1722 54 0.0902  1722 55 0.1148  1722 56 0.1476  1722 57 0.1722  1722 58 0.1886  1722 59 0.1927  1722 60 0.1886  1722 61 0.1845  1722 62 0.1845  1722 63 0.1845  1722 64 0.1845  1722 65 0.1804  1722 66 0.1804  1722 67 0.1763  1722 68 0.1722  1722 69 0.1681  1722 70 0.1681  1722 71 0.164  1722 72 0.1599  1722 73 0.1558  1722 74 0.1517  1722 75 0.1435  1722 76 0.1312  1722 77 0.123  1722 78 0.1189  1722 79 0.1107  1722 80 0.1025  1722 81 0.0984  1722 82 0.0861  1722 83 0.0738  1722 84 0.0574  1722 85 0.0574  1722 86 0.0697  1722 87 0.0984  1722 88 0.1353  1722 89 0.164  1722 90 0.1763  1722 91 0.1763  1722 92 0.164  1722 93 0.1599  1722 94 0.1558  1722 95 0.1558  
2 0 0.384  2 1 0.3936  2 2 0.4032  2 3 0.4128  2 4 0.432  2 5 0.4224  2 6 0.3744  2 7 0.3072  2 8 0.2016  2 9 0.1344  2 10 0.1152  2 11 0.1248  2 12 0.1728  2 13 0.2112  2 14 0.2304  2 15 0.24  2 16 0.2208  2 17 0.2304  2 18 0.2496  2 19 0.2784  2 20 0.3264  2 21 0.3456  2 22 0.3264  2 23 0.2688  2 24 0.1824  2 25 0.1536  2 26 0.1632  2 27 0.2208  2 28 0.3264  2 29 0.4032  2 30 0.4416  2 31 0.4512  2 32 0.432  2 33 0.4032  2 34 0.3744  2 35 0.336  2 36 0.288  2 37 0.24  2 38 0.192  2 39 0.1248  2 40 0.048  2 41 0.0096  2 42 0  2 43 0.0288  2 44 0.0864  2 45 0.1248  2 46 0.144  2 47 0.144  2 48 0.1248  2 49 0.1344  2 50 0.1824  2 51 0.2592  2 52 0.384  2 53 0.4512  2 54 0.4896  2 55 0.48  2 56 0.432  2 57 0.4032  2 58 0.4032  2 59 0.4224  2 60 0.4704  2 61 0.4704  2 62 0.432  2 63 0.3456  2 64 0.2208  2 65 0.1344  2 66 0.096  2 67 0.0864  2 68 0.1248  2 69 0.1536  2 70 0.1824  2 71 0.192  2 72 0.2016  2 73 0.2208  2 74 0.2688  2 75 0.336  2 76 0.4128  2 77 0.4608  2 78 0.4608  2 79 0.4224  2 80 0.3456  2 81 0.2976  2 82 0.2784  2 83 0.288  2 84 0.3264  2 85 0.336  2 86 0.2976  2 87 0.24  2 88 0.1344  2 89 0.0864  2 90 0.096  2 91 0.1536  2 92 0.2592  2 93 0.336  2 94 0.384  2 95 0.4032  
445 0 0.2046  445 1 0.1953  445 2 0.186  445 3 0.186  445 4 0.1767  445 5 0.1767  445 6 0.186  445 7 0.2046  445 8 0.2325  445 9 0.2418  445 10 0.2511  445 11 0.2325  445 12 0.2139  445 13 0.1953  445 14 0.186  445 15 0.186  445 16 0.186  445 17 0.186  445 18 0.186  445 19 0.186  445 20 0.186  445 21 0.186  445 22 0.186  445 23 0.1953  445 24 0.2139  445 25 0.2139  445 26 0.2046  445 27 0.186  445 28 0.1488  445 29 0.1302  445 30 0.1116  445 31 0.1023  445 32 0.1023  445 33 0.1023  445 34 0.1116  445 35 0.1116  445 36 0.1209  445 37 0.1302  445 38 0.1488  445 39 0.1767  445 40 0.2046  445 41 0.2232  445 42 0.2139  445 43 0.186  445 44 0.1395  445 45 0.1023  445 46 0.0837  445 47 0.0837  445 48 0.093  445 49 0.1023  445 50 0.1023  445 51 0.1023  445 52 0.093  445 53 0.093  445 54 0.1023  445 55 0.1209  445 56 0.1488  445 57 0.1674  445 58 0.1767  445 59 0.1767  445 60 0.1581  445 61 0.1581  445 62 0.1767  445 63 0.1953  445 64 0.2325  445 65 0.2511  445 66 0.2604  445 67 0.2511  445 68 0.2325  445 69 0.2232  445 70 0.2139  445 71 0.2139  445 72 0.2232  445 73 0.2232  445 74 0.2139  445 75 0.1953  445 76 0.1767  445 77 0.1581  445 78 0.1581  445 79 0.1674  445 80 0.1953  445 81 0.2046  445 82 0.2046  445 83 0.186  445 84 0.1581  445 85 0.1395  445 86 0.1209  445 87 0.1116  445 88 0.1023  445 89 0.093  445 90 0.0744  445 91 0.0465  445 92 0.0093  445 93 0  445 94 0.0093  445 95 0.0465  
257 0 0  257 1 0.0153  257 2 0.0306  257 3 0.0408  257 4 0.0714  257 5 0.0969  257 6 0.1122  257 7 0.1326  257 8 0.1428  257 9 0.1581  257 10 0.1836  257 11 0.2091  257 12 0.2397  257 13 0.255  257 14 0.255  257 15 0.2397  257 16 0.204  257 17 0.1887  257 18 0.1887  257 19 0.2091  257 20 0.2397  257 21 0.255  257 22 0.2499  257 23 0.2244  257 24 0.1785  257 25 0.1428  257 26 0.1173  257 27 0.102  257 28 0.102  257 29 0.0969  257 30 0.0867  257 31 0.0765  257 32 0.0663  257 33 0.0612  257 34 0.0612  257 35 0.0663  257 36 0.0816  257 37 0.0918  257 38 0.0969  257 39 0.0969  257 40 0.0918  257 41 0.0918  257 42 0.102  257 43 0.1224  257 44 0.1479  257 45 0.1632  257 46 0.1734  257 47 0.1734  257 48 0.1632  257 49 0.1632  257 50 0.1734  257 51 0.1989  257 52 0.2295  257 53 0.2448  257 54 0.2397  257 55 0.2142  257 56 0.1683  257 57 0.1377  257 58 0.1173  257 59 0.1071  257 60 0.1122  257 61 0.1071  257 62 0.0969  257 63 0.0765  257 64 0.051  257 65 0.0306  257 66 0.0204  257 67 0.0153  257 68 0.0153  257 69 0.0153  257 70 0.0153  257 71 0.0153  257 72 0.0102  257 73 0.0153  257 74 0.0204  257 75 0.0357  257 76 0.0561  257 77 0.0765  257 78 0.0867  257 79 0.0918  257 80 0.0867  257 81 0.0969  257 82 0.1173  257 83 0.1428  257 84 0.1785  257 85 0.1989  257 86 0.1989  257 87 0.1887  257 88 0.1581  257 89 0.1326  257 90 0.1173  257 91 0.0969  257 92 0.0867  257 93 0.0765  257 94 0.0612  257 95 0.0459  
2091 0 0.0261  2091 1 0.0261  2091 2 0.0261  2091 3 0.0348  2091 4 0.0348  2091 5 0.0435  2091 6 0.0435  2091 7 0.0435  2091 8 0.0522  2091 9 0.0522  2091 10 0.0522  2091 11 0.0609  2091 12 0.0696  2091 13 0.0696  2091 14 0.0696  2091 15 0.0609  2091 16 0.0435  2091 17 0.0435  2091 18 0.0435  2091 19 0.0522  2091 20 0.0696  2091 21 0.0783  2091 22 0.0783  2091 23 0.0783  2091 24 0.0696  2091 25 0.0522  2091 26 0.0435  2091 27 0.0435  2091 28 0.0348  2091 29 0.0261  2091 30 0.0174  2091 31 0.0087  2091 32 0  2091 33 0  2091 34 0  2091 35 0.0087  2091 36 0.0261  2091 37 0.0348  2091 38 0.0435  2091 39 0.0435  2091 40 0.0522  2091 41 0.0522  2091 42 0.0609  2091 43 0.0696  2091 44 0.0696  2091 45 0.0696  2091 46 0.0696  2091 47 0.0609  2091 48 0.0435  2091 49 0.0261  2091 50 0.0174  2091 51 0.0174  2091 52 0.0174  2091 53 0.0174  2091 54 0.0174  2091 55 0.0087  2091 56 0.0087  2091 57 0  2091 58 0.0087  2091 59 0.0087  2091 60 0.0174  2091 61 0.0261  2091 62 0.0261  2091 63 0.0348  2091 64 0.0435  2091 65 0.0435  2091 66 0.0522  2091 67 0.0609  2091 68 0.0783  2091 69 0.087  2091 70 0.087  2091 71 0.0957  2091 72 0.0957  2091 73 0.087  2091 74 0.087  2091 75 0.087  2091 76 0.0783  2091 77 0.0696  2091 78 0.0609  2091 79 0.0435  2091 80 0.0261  2091 81 0.0174  2091 82 0.0174  2091 83 0.0261  2091 84 0.0435  2091 85 0.0522  2091 86 0.0696  2091 87 0.0783  2091 88 0.087  2091 89 0.0957  2091 90 0.1044  2091 91 0.1044  2091 92 0.1131  2091 93 0.1044  2091 94 0.0957  2091 95 0.0783  

6179 0 0  6179 1 0  6179 2 0  6179 3 0  6179 4 0  6179 5 0  6179 6 0  6179 7 0  6179 8 0  6179 9 0  6179 10 0  6179 11 0  6179 12 0  6179 13 0  6179 14 0  6179 15 0  6179 16 0  6179 17 0  6179 18 0  6179 19 0  6179 20 0  6179 21 0  6179 22 0  6179 23 0  6179 24 0  6179 25 0  6179 26 0  6179 27 0  6179 28 0  6179 29 0  6179 30 0  6179 31 0  6179 32 0  6179 33 0  6179 34 0  6179 35 0  6179 36 0  6179 37 0  6179 38 0  6179 39 0  6179 40 0  6179 41 0  6179 42 0  6179 43 0  6179 44 0  6179 45 0  6179 46 0  6179 47 0  6179 48 0  6179 49 0  6179 50 0  6179 51 0  6179 52 0  6179 53 0  6179 54 0  6179 55 0  6179 56 0  6179 57 0  6179 58 0  6179 59 0  6179 60 0  6179 61 0  6179 62 0  6179 63 0  6179 64 0  6179 65 0  6179 66 0  6179 67 0  6179 68 0  6179 69 0  6179 70 0  6179 71 0  6179 72 0  6179 73 0  6179 74 0  6179 75 0  6179 76 0  6179 77 0  6179 78 0  6179 79 0  6179 80 0  6179 81 0  6179 82 0  6179 83 0  6179 84 0  6179 85 0  6179 86 0  6179 87 0  6179 88 0  6179 89 0  6179 90 0  6179 91 0  6179 92 0  6179 93 0  6179 94 0  6179 95 0  
;

param t := 
1179 2027 0.179037  
1179 956 0.369575  
1179 1982 0.413071  
1179 728 0.10473  
1179 630 0.219216  
1179 2198 0.615237  
1179 1821 0.128053  
1179 1551 0.118447  
1179 1890 0.180609  
1179 181 0.20586  
1179 42 0.471044  
1179 552 0.138625  
1179 1870 0.33346  
1179 792 0.513466  
1179 87 0.526799  
1179 1051 0.253715  
1179 1442 0.181019  
1179 1114 0.218566  
1179 1779 0.253468  
1179 1722 0.333651  
1179 2 0.592794  
1179 445 0.217262  
1179 257 0.56433  
1179 2091 0.270446  
2027 6179 0.160464  
2027 956 0.232263  
2027 1982 0.277391  
2027 728 0.151273  
2027 630 0.0401792  
2027 2198 0.460144  
2027 1821 0.0969595  
2027 1551 0.0980091  
2027 1890 0.277568  
2027 181 0.173471  
2027 42 0.393905  
2027 552 0.108744  
2027 1870 0.394717  
2027 792 0.35435  
2027 87 0.368203  
2027 1051 0.11072  
2027 1442 0.180582  
2027 1114 0.0976578  
2027 1779 0.132695  
2027 1722 0.267202  
2027 2 0.514954  
2027 445 0.167983  
2027 257 0.410532  
2027 2091 0.19627  
956 6179 0.343094  
956 2027 0.232644  
956 1982 0.159323  
956 728 0.329239  
956 630 0.233929  
956 2198 0.300702  
956 1821 0.280513  
956 1551 0.281444  
956 1890 0.437371  
956 181 0.3505  
956 42 0.404177  
956 552 0.268833  
956 1870 0.557689  
956 792 0.190661  
956 87 0.31809  
956 1051 0.140672  
956 1442 0.279562  
956 1114 0.196399  
956 1779 0.179014  
956 1722 0.356882  
956 2 0.578431  
956 445 0.303288  
956 257 0.377165  
956 2091 0.32497  
1982 6179 0.357777  
1982 2027 0.228711  
1982 956 0.156318  
1982 728 0.312477  
1982 630 0.211945  
1982 2198 0.274354  
1982 1821 0.328853  
1982 1551 0.329784  
1982 1890 0.41986  
1982 181 0.281393  
1982 42 0.296064  
1982 552 0.252071  
1982 1870 0.534638  
1982 792 0.15414  
1982 87 0.19805  
1982 1051 0.230133  
1982 1442 0.34516  
1982 1114 0.297884  
1982 1779 0.316345  
1982 1722 0.281776  
1982 2 0.46463  
1982 445 0.234583  
1982 257 0.238068  
1982 2091 0.259882  
728 6179 0.0870304  
728 2027 0.139589  
728 956 0.349655  
728 1982 0.302916  
728 630 0.137554  
728 2198 0.521344  
728 1821 0.189002  
728 1551 0.205478  
728 1890 0.167802  
728 181 0.101131  
728 42 0.366488  
728 552 0.0650134  
728 1870 0.278474  
728 792 0.416428  
728 87 0.375692  
728 1051 0.231167  
728 1442 0.268497  
728 1114 0.195716  
728 1779 0.230753  
728 1722 0.237771  
728 2 0.487306  
728 445 0.112532  
728 257 0.418021  
728 2091 0.168218  
630 6179 0.207347  
630 2027 0.0468828  
630 956 0.241312  
630 1982 0.217397  
630 728 0.146074  
630 2198 0.450769  
630 1821 0.143842  
630 1551 0.144892  
630 1890 0.27275  
630 181 0.196183  
630 42 0.352964  
630 552 0.103545  
630 1870 0.38968  
630 792 0.344135  
630 87 0.327557  
630 1051 0.119769  
630 1442 0.227465  
630 1114 0.114117  
630 1779 0.149154  
630 1722 0.255067  
630 2 0.487496  
630 445 0.157062  
630 257 0.369886  
630 2091 0.18535  
2198 6179 0.794061  
2198 2027 0.644343  
2198 956 0.488825  
2198 1982 0.471683  
2198 728 0.719698  
2198 630 0.640276  
2198 1821 0.692347  
2198 1551 0.701797  
2198 1890 0.834825  
2198 181 0.73522  
2198 42 0.650223  
2198 552 0.659865  
2198 1870 0.959239  
2198 792 0.406924  
2198 87 0.488693  
2198 1051 0.575792  
2198 1442 0.670694  
2198 1114 0.675471  
2198 1779 0.629559  
2198 1722 0.674016  
2198 2 0.801873  
2198 445 0.686884  
2198 257 0.45596  
2198 2091 0.708806  
1821 6179 0.135348  
1821 2027 0.142646  
1821 956 0.28007  
1821 1982 0.413238  
1821 728 0.240078  
1821 630 0.178219  
1821 2198 0.675845  
1821 1551 0.0092548  
1821 1890 0.28754  
1821 181 0.248713  
1821 42 0.548479  
1821 552 0.187837  
1821 1870 0.440537  
1821 792 0.448626  
1821 87 0.506805  
1821 1051 0.197846  
1821 1442 0.0918281  
1821 1114 0.139653  
1821 1779 0.11442  
1821 1722 0.405115  
1821 2 0.658293  
1821 445 0.276658  
1821 257 0.544336  
1821 2091 0.335788  
1551 6179 0.126093  
1551 2027 0.146577  
1551 956 0.287142  
1551 1982 0.419785  
1551 728 0.230823  
1551 630 0.18215  
1551 2198 0.685437  
1551 1821 0.0140895  
1551 1890 0.278288  
1551 181 0.252402  
1551 42 0.552784  
1551 552 0.19157  
1551 1870 0.43218  
1551 792 0.452698  
1551 87 0.513197  
1551 1051 0.201777  
1551 1442 0.0825733  
1551 1114 0.144824  
1551 1779 0.128509  
1551 1722 0.409429  
1551 2 0.662643  
1551 445 0.280391  
1551 257 0.550728  
1551 2091 0.340102  
1890 6179 0.190303  
1890 2027 0.257021  
1890 956 0.460778  
1890 1982 0.424443  
1890 728 0.165084  
1890 630 0.253924  
1890 2198 0.624795  
1890 1821 0.291991  
1890 1551 0.282547  
1890 181 0.212289  
1890 42 0.476761  
1890 552 0.230097  
1890 1870 0.139498  
1890 792 0.523713  
1890 87 0.483994  
1890 1051 0.344443  
1890 1442 0.334639  
1890 1114 0.315048  
1890 1779 0.350698  
1890 1722 0.337879  
1890 2 0.598508  
1890 445 0.223691  
1890 257 0.522099  
1890 2091 0.276164  
181 6179 0.184263  
181 2027 0.162432  
181 956 0.355277  
181 1982 0.287404  
181 728 0.103657  
181 630 0.160398  
181 2198 0.51921  
181 1821 0.211846  
181 1551 0.212896  
181 1890 0.226968  
181 42 0.284692  
181 552 0.115632  
181 1870 0.342865  
181 792 0.368831  
181 87 0.34626  
181 1051 0.253709  
181 1442 0.294606  
181 1114 0.21856  
181 1779 0.253462  
181 1722 0.157497  
181 2 0.402115  
181 445 0.063782  
181 257 0.388589  
181 2091 0.0879431  
42 6179 0.429619  
42 2027 0.359431  
42 956 0.410134  
42 1982 0.273018  
42 728 0.34158  
42 630 0.356766  
42 2198 0.467804  
42 1821 0.462326  
42 1551 0.463257  
42 1890 0.466952  
42 181 0.273268  
42 552 0.352957  
42 1870 0.593603  
42 792 0.333957  
42 87 0.304626  
42 1051 0.391369  
42 1442 0.539945  
42 1114 0.447654  
42 1779 0.477005  
42 1722 0.136379  
42 2 0.163399  
42 445 0.241926  
42 257 0.346955  
42 2091 0.186552  
552 6179 0.126539  
552 2027 0.103376  
552 956 0.281029  
552 1982 0.269319  
552 728 0.0616052  
552 630 0.101813  
552 2198 0.486842  
552 1821 0.15279  
552 1551 0.153839  
552 1890 0.229407  
552 181 0.118909  
552 42 0.383844  
552 1870 0.343656  
552 792 0.38108  
552 87 0.380118  
552 1051 0.194954  
552 1442 0.236412  
552 1114 0.159504  
552 1779 0.194541  
552 1722 0.255735  
552 2 0.504734  
552 445 0.13031  
552 257 0.422447  
552 2091 0.185996  
1870 6179 0.358807  
1870 2027 0.386075  
1870 956 0.571512  
1870 1982 0.545228  
1870 728 0.296075  
1870 630 0.379301  
1870 2198 0.746424  
1870 1821 0.45671  
1870 1551 0.447266  
1870 1890 0.168153  
1870 181 0.3369  
1870 42 0.607887  
1870 552 0.329483  
1870 792 0.643668  
1870 87 0.61003  
1870 1051 0.463865  
1870 1442 0.496252  
1870 1114 0.433991  
1870 1779 0.469641  
1870 1722 0.469477  
1870 2 0.718758  
1870 445 0.345258  
1870 257 0.647561  
1870 2091 0.394127  
792 6179 0.473304  
792 2027 0.345261  
792 956 0.183709  
792 1982 0.145869  
792 728 0.432321  
792 630 0.340932  
792 2198 0.245602  
792 1821 0.378163  
792 1551 0.387461  
792 1890 0.536484  
792 181 0.401291  
792 42 0.342908  
792 552 0.371914  
792 1870 0.661126  
792 87 0.253116  
792 1051 0.266547  
792 1442 0.355573  
792 1114 0.353488  
792 1779 0.315867  
792 1722 0.36644  
792 2 0.518027  
792 445 0.354079  
792 257 0.257745  
792 2091 0.37576  
87 6179 0.480427  
87 2027 0.358888  
87 956 0.350021  
87 1982 0.191295  
87 728 0.436113  
87 630 0.336695  
87 2198 0.375397  
87 1821 0.461783  
87 1551 0.462714  
87 1890 0.524651  
87 181 0.363842  
87 42 0.309549  
87 552 0.375707  
87 1870 0.648285  
87 792 0.208718  
87 1051 0.374005  
87 1442 0.534556  
87 1114 0.426037  
87 1779 0.459397  
87 1722 0.350576  
87 2 0.476402  
87 445 0.31663  
87 257 0.0401802  
87 2091 0.338311  
1051 6179 0.239823  
1051 2027 0.11655  
1051 956 0.1373  
1051 1982 0.233017  
1051 728 0.226252  
1051 630 0.117819  
1051 2198 0.376789  
1051 1821 0.176319  
1051 1551 0.177368  
1051 1890 0.351784  
1051 181 0.24845  
1051 42 0.388456  
1051 552 0.183723  
1051 1870 0.465696  
1051 792 0.264749  
1051 87 0.359158  
1051 1442 0.260188  
1051 1114 0.128423  
1051 1779 0.127789  
1051 1722 0.322936  
1051 2 0.523574  
1051 445 0.244671  
1051 257 0.401487  
1051 2091 0.270591  
1442 6179 0.185002  
1442 2027 0.26061  
1442 956 0.277866  
1442 1982 0.437581  
1442 728 0.287413  
1442 630 0.288694  
1442 2198 0.64895  
1442 1821 0.114842  
1442 1551 0.109178  
1442 1890 0.343107  
1442 181 0.354147  
1442 42 0.644775  
1442 552 0.289398  
1442 1870 0.493079  
1442 792 0.441323  
1442 87 0.60124  
1442 1051 0.282716  
1442 1114 0.189397  
1442 1779 0.158501  
1442 1722 0.500316  
1442 2 0.766864  
1442 445 0.378163  
1442 257 0.647952  
1442 2091 0.427032  
1114 6179 0.224764  
1114 2027 0.117289  
1114 956 0.164637  
1114 1982 0.281024  
1114 728 0.241768  
1114 630 0.128983  
1114 2198 0.4252  
1114 1821 0.13759  
1114 1551 0.13864  
1114 1890 0.3899  
1114 181 0.263463  
1114 42 0.448709  
1114 552 0.20309  
1114 1870 0.481122  
1114 792 0.315254  
1114 87 0.425456  
1114 1051 0.101063  
1114 1442 0.208149  
1114 1779 0.0350368  
1114 1722 0.373292  
1114 2 0.590951  
1114 445 0.280104  
1114 257 0.467785  
1114 2091 0.303964  
1779 6179 0.25015  
1779 2027 0.142222  
1779 956 0.163981  
1779 1982 0.310742  
1779 728 0.267046  
1779 630 0.15541  
1779 2198 0.567904  
1779 1821 0.141851  
1779 1551 0.142901  
1779 1890 0.413775  
1779 181 0.288999  
1779 42 0.485033  
1779 552 0.228465  
1779 1870 0.50464  
1779 792 0.349189  
1779 87 0.466396  
1779 1051 0.139135  
1779 1442 0.182647  
1779 1114 0.0566821  
1779 1722 0.400866  
1779 2 0.627253  
1779 445 0.30427  
1779 257 0.507764  
1779 2091 0.331538  
1722 6179 0.312199  
1722 2027 0.229398  
1722 956 0.367488  
1722 1982 0.30079  
1722 728 0.22015  
1722 630 0.22987  
1722 2198 0.487496  
1722 1821 0.329576  
1722 1551 0.330507  
1722 1890 0.345312  
1722 181 0.150345  
1722 42 0.146906  
1722 552 0.232125  
1722 1870 0.459356  
1722 792 0.353649  
1722 87 0.33168  
1722 1051 0.31536  
1722 1442 0.408469  
1722 1114 0.331183  
1722 1779 0.366832  
1722 2 0.258801  
1722 445 0.122349  
1722 257 0.374009  
1722 2091 0.0669738  
2 6179 0.521609  
2 2027 0.444729  
2 956 0.547039  
2 1982 0.412537  
2 728 0.428776  
2 630 0.442063  
2 2198 0.59794  
2 1821 0.546264  
2 1551 0.546692  
2 1890 0.549448  
2 181 0.35993  
2 42 0.144147  
2 552 0.440153  
2 1870 0.673913  
2 792 0.468307  
2 87 0.435155  
2 1051 0.494562  
2 1442 0.623673  
2 1114 0.542078  
2 1779 0.574243  
2 1722 0.225896  
2 445 0.329707  
2 257 0.477484  
2 2091 0.276117  
445 6179 0.185998  
445 2027 0.14351  
445 956 0.302494  
445 1982 0.238066  
445 728 0.105392  
445 630 0.143982  
445 2198 0.470328  
445 1821 0.226679  
445 1551 0.227729  
445 1890 0.228702  
445 181 0.0597846  
445 42 0.25505  
445 552 0.117367  
445 1870 0.344992  
445 792 0.321158  
445 87 0.296434  
445 1051 0.231797  
445 1442 0.308481  
445 1114 0.241168  
445 1779 0.274913  
445 1722 0.125239  
445 2 0.36624  
445 257 0.338763  
445 2091 0.0556854  
257 6179 0.517289  
257 2027 0.391914  
257 956 0.363492  
257 1982 0.223836  
257 728 0.469139  
257 630 0.369721  
257 2198 0.344087  
257 1821 0.494809  
257 1551 0.49574  
257 1890 0.556864  
257 181 0.397237  
257 42 0.339533  
257 552 0.408732  
257 1870 0.680927  
257 792 0.222042  
257 87 0.0362331  
257 1051 0.407031  
257 1442 0.546947  
257 1114 0.459063  
257 1779 0.492423  
257 1722 0.38013  
257 2 0.510161  
257 445 0.350026  
257 2091 0.371707  
2091 6179 0.233783  
2091 2027 0.162424  
2091 956 0.326655  
2091 1982 0.260778  
2091 728 0.153176  
2091 630 0.162896  
2091 2198 0.491747  
2091 1821 0.259549  
2091 1551 0.26048  
2091 1890 0.278984  
2091 181 0.0833717  
2091 42 0.200412  
2091 552 0.165152  
2091 1870 0.396197  
2091 792 0.342458  
2091 87 0.320699  
2091 1051 0.254645  
2091 1442 0.338441  
2091 1114 0.260587  
2091 1779 0.29321  
2091 1722 0.0695536  
2091 2 0.306133  
2091 445 0.0553747  
2091 257 0.363028  
;

