param o := 1097 ;
param s := 6097 ;

set R := 358 1669 1092 442 157 1553 1361 1396 213 654 554 1382 1368 1005 671 7 1787 359 1547 287 28 1293 1837 418 ;
set M := 0 1 2 3 4 5 6 7 8 9 10 11 12 13 14 15 16 17 18 19 20 21 22 23 24 25 26 27 28 29 30 31 32 33 34 35 36 37 38 39 40 41 42 43 44 45 46 47 48 49 50 51 52 53 54 55 56 57 58 59 60 61 62 63 64 65 66 67 68 69 70 71 72 73 74 75 76 77 78 79 80 81 82 83 84 85 86 87 88 89 90 91 92 93 94 95 ;
param TTI := 
0 0
1 0.25
2 0.5
3 0.75
4 1
5 1.25
6 1.5
7 1.75
8 2
9 2.25
10 2.5
11 2.75
12 3
13 3.25
14 3.5
15 3.75
16 4
17 4.25
18 4.5
19 4.75
20 5
21 5.25
22 5.5
23 5.75
24 6
25 6.25
26 6.5
27 6.75
28 7
29 7.25
30 7.5
31 7.75
32 8
33 8.25
34 8.5
35 8.75
36 9
37 9.25
38 9.5
39 9.75
40 10
41 10.25
42 10.5
43 10.75
44 11
45 11.25
46 11.5
47 11.75
48 12
49 12.25
50 12.5
51 12.75
52 13
53 13.25
54 13.5
55 13.75
56 14
57 14.25
58 14.5
59 14.75
60 15
61 15.25
62 15.5
63 15.75
64 16
65 16.25
66 16.5
67 16.75
68 17
69 17.25
70 17.5
71 17.75
72 18
73 18.25
74 18.5
75 18.75
76 19
77 19.25
78 19.5
79 19.75
80 20
81 20.25
82 20.5
83 20.75
84 21
85 21.25
86 21.5
87 21.75
88 22
89 22.25
90 22.5
91 22.75
92 23
93 23.25
94 23.5
95 23.75
;

param TTF := 
0 0.25
1 0.5
2 0.75
3 1
4 1.25
5 1.5
6 1.75
7 2
8 2.25
9 2.5
10 2.75
11 3
12 3.25
13 3.5
14 3.75
15 4
16 4.25
17 4.5
18 4.75
19 5
20 5.25
21 5.5
22 5.75
23 6
24 6.25
25 6.5
26 6.75
27 7
28 7.25
29 7.5
30 7.75
31 8
32 8.25
33 8.5
34 8.75
35 9
36 9.25
37 9.5
38 9.75
39 10
40 10.25
41 10.5
42 10.75
43 11
44 11.25
45 11.5
46 11.75
47 12
48 12.25
49 12.5
50 12.75
51 13
52 13.25
53 13.5
54 13.75
55 14
56 14.25
57 14.5
58 14.75
59 15
60 15.25
61 15.5
62 15.75
63 16
64 16.25
65 16.5
66 16.75
67 17
68 17.25
69 17.5
70 17.75
71 18
72 18.25
73 18.5
74 18.75
75 19
76 19.25
77 19.5
78 19.75
79 20
80 20.25
81 20.5
82 20.75
83 21
84 21.25
85 21.5
86 21.75
87 22
88 22.25
89 22.5
90 22.75
91 23
92 23.25
93 23.5
94 23.75
95 24
;

param tf := 
1097 0 0.1862  1097 1 0.1715  1097 2 0.1568  1097 3 0.1372  1097 4 0.1078  1097 5 0.0833  1097 6 0.0735  1097 7 0.0784  1097 8 0.0931  1097 9 0.1029  1097 10 0.1127  1097 11 0.1225  1097 12 0.1274  1097 13 0.1372  1097 14 0.147  1097 15 0.1519  1097 16 0.1617  1097 17 0.1617  1097 18 0.1568  1097 19 0.147  1097 20 0.1274  1097 21 0.1176  1097 22 0.1127  1097 23 0.1225  1097 24 0.1372  1097 25 0.147  1097 26 0.147  1097 27 0.147  1097 28 0.1323  1097 29 0.1274  1097 30 0.1372  1097 31 0.1519  1097 32 0.1715  1097 33 0.1911  1097 34 0.1911  1097 35 0.1911  1097 36 0.1715  1097 37 0.1617  1097 38 0.1519  1097 39 0.147  1097 40 0.1421  1097 41 0.1323  1097 42 0.1127  1097 43 0.0833  1097 44 0.049  1097 45 0.0343  1097 46 0.0294  1097 47 0.0441  1097 48 0.0784  1097 49 0.0931  1097 50 0.0882  1097 51 0.0686  1097 52 0.0294  1097 53 0.0098  1097 54 0  1097 55 0.0049  1097 56 0.0245  1097 57 0.0392  1097 58 0.0441  1097 59 0.0392  1097 60 0.0294  1097 61 0.0294  1097 62 0.0343  1097 63 0.0441  1097 64 0.0637  1097 65 0.0735  1097 66 0.0784  1097 67 0.0784  1097 68 0.0686  1097 69 0.0735  1097 70 0.0882  1097 71 0.1078  1097 72 0.147  1097 73 0.1617  1097 74 0.1519  1097 75 0.1274  1097 76 0.0784  1097 77 0.0441  1097 78 0.0245  1097 79 0.0245  1097 80 0.0343  1097 81 0.0441  1097 82 0.0441  1097 83 0.0392  1097 84 0.0294  1097 85 0.0294  1097 86 0.0441  1097 87 0.0735  1097 88 0.1176  1097 89 0.147  1097 90 0.1715  1097 91 0.1764  1097 92 0.1715  1097 93 0.1715  1097 94 0.1715  1097 95 0.1715  
358 0 0.0465  358 1 0.0465  358 2 0.0465  358 3 0.0465  358 4 0.0465  358 5 0.0465  358 6 0.0465  358 7 0.0465  358 8 0.0372  358 9 0.0372  358 10 0.0558  358 11 0.0837  358 12 0.1302  358 13 0.1581  358 14 0.186  358 15 0.2046  358 16 0.2139  358 17 0.2325  358 18 0.2604  358 19 0.3069  358 20 0.3627  358 21 0.3906  358 22 0.3906  358 23 0.3627  358 24 0.3069  358 25 0.2697  358 26 0.2418  358 27 0.2325  358 28 0.2418  358 29 0.2325  358 30 0.2139  358 31 0.1767  358 32 0.1302  358 33 0.1116  358 34 0.1116  358 35 0.1302  358 36 0.1674  358 37 0.2046  358 38 0.2232  358 39 0.2418  358 40 0.2418  358 41 0.2511  358 42 0.2604  358 43 0.2697  358 44 0.279  358 45 0.2697  358 46 0.2418  358 47 0.2046  358 48 0.1488  358 49 0.1023  358 50 0.0744  358 51 0.0651  358 52 0.0744  358 53 0.0744  358 54 0.0744  358 55 0.0744  358 56 0.0744  358 57 0.0744  358 58 0.0837  358 59 0.1023  358 60 0.1209  358 61 0.1302  358 62 0.1395  358 63 0.1488  358 64 0.1488  358 65 0.1488  358 66 0.1674  358 67 0.1953  358 68 0.2325  358 69 0.2511  358 70 0.2511  358 71 0.2418  358 72 0.2139  358 73 0.2139  358 74 0.2325  358 75 0.2697  358 76 0.3348  358 77 0.3627  358 78 0.3813  358 79 0.3627  358 80 0.3255  358 81 0.2976  358 82 0.279  358 83 0.2697  358 84 0.279  358 85 0.2604  358 86 0.2325  358 87 0.1767  358 88 0.1023  358 89 0.0465  358 90 0.0093  358 91 0  358 92 0.0093  358 93 0.0186  358 94 0.0279  358 95 0.0279  
1669 0 0.168  1669 1 0.1728  1669 2 0.1728  1669 3 0.1776  1669 4 0.1872  1669 5 0.1824  1669 6 0.1632  1669 7 0.1344  1669 8 0.0864  1669 9 0.0576  1669 10 0.048  1669 11 0.0528  1669 12 0.0768  1669 13 0.0912  1669 14 0.1008  1669 15 0.1056  1669 16 0.096  1669 17 0.1008  1669 18 0.1056  1669 19 0.12  1669 20 0.1392  1669 21 0.1488  1669 22 0.1392  1669 23 0.1152  1669 24 0.0816  1669 25 0.0672  1669 26 0.0672  1669 27 0.096  1669 28 0.1392  1669 29 0.1728  1669 30 0.192  1669 31 0.192  1669 32 0.1872  1669 33 0.1728  1669 34 0.1584  1669 35 0.144  1669 36 0.1248  1669 37 0.1056  1669 38 0.0816  1669 39 0.0528  1669 40 0.0192  1669 41 0.0048  1669 42 0  1669 43 0.0096  1669 44 0.0336  1669 45 0.0528  1669 46 0.0624  1669 47 0.0624  1669 48 0.0528  1669 49 0.0576  1669 50 0.0816  1669 51 0.1152  1669 52 0.1632  1669 53 0.1968  1669 54 0.2112  1669 55 0.2064  1669 56 0.1872  1669 57 0.1728  1669 58 0.1728  1669 59 0.1824  1669 60 0.2016  1669 61 0.2016  1669 62 0.1872  1669 63 0.1488  1669 64 0.096  1669 65 0.0576  1669 66 0.0384  1669 67 0.0384  1669 68 0.0528  1669 69 0.0672  1669 70 0.0768  1669 71 0.0864  1669 72 0.0864  1669 73 0.096  1669 74 0.1152  1669 75 0.144  1669 76 0.1776  1669 77 0.1968  1669 78 0.2016  1669 79 0.1824  1669 80 0.1488  1669 81 0.1296  1669 82 0.12  1669 83 0.1248  1669 84 0.1392  1669 85 0.144  1669 86 0.1296  1669 87 0.1056  1669 88 0.0576  1669 89 0.0384  1669 90 0.0384  1669 91 0.0672  1669 92 0.1104  1669 93 0.144  1669 94 0.168  1669 95 0.1728  
1092 0 0.048  1092 1 0.048  1092 2 0.0456  1092 3 0.0456  1092 4 0.0432  1092 5 0.0432  1092 6 0.048  1092 7 0.0552  1092 8 0.0672  1092 9 0.0744  1092 10 0.072  1092 11 0.0672  1092 12 0.0528  1092 13 0.0456  1092 14 0.0432  1092 15 0.0456  1092 16 0.0504  1092 17 0.0576  1092 18 0.0648  1092 19 0.072  1092 20 0.0792  1092 21 0.0864  1092 22 0.0936  1092 23 0.1008  1092 24 0.1104  1092 25 0.1152  1092 26 0.1176  1092 27 0.1176  1092 28 0.1128  1092 29 0.1104  1092 30 0.108  1092 31 0.1056  1092 32 0.1032  1092 33 0.0984  1092 34 0.0912  1092 35 0.0792  1092 36 0.0672  1092 37 0.06  1092 38 0.0552  1092 39 0.0576  1092 40 0.0624  1092 41 0.0672  1092 42 0.0672  1092 43 0.0672  1092 44 0.0648  1092 45 0.0648  1092 46 0.0696  1092 47 0.0792  1092 48 0.0936  1092 49 0.1008  1092 50 0.1032  1092 51 0.1008  1092 52 0.0936  1092 53 0.084  1092 54 0.0768  1092 55 0.0696  1092 56 0.0624  1092 57 0.0552  1092 58 0.0456  1092 59 0.0384  1092 60 0.0288  1092 61 0.024  1092 62 0.0288  1092 63 0.0384  1092 64 0.0528  1092 65 0.0648  1092 66 0.072  1092 67 0.0768  1092 68 0.0768  1092 69 0.0792  1092 70 0.084  1092 71 0.0888  1092 72 0.096  1092 73 0.1008  1092 74 0.1032  1092 75 0.1056  1092 76 0.1032  1092 77 0.1032  1092 78 0.1056  1092 79 0.1056  1092 80 0.108  1092 81 0.1056  1092 82 0.0984  1092 83 0.084  1092 84 0.0648  1092 85 0.0528  1092 86 0.0456  1092 87 0.0432  1092 88 0.048  1092 89 0.0456  1092 90 0.0384  1092 91 0.0264  1092 92 0.0096  1092 93 0  1092 94 0  1092 95 0.0072  
442 0 0.35  442 1 0.343  442 2 0.329  442 3 0.315  442 4 0.294  442 5 0.28  442 6 0.28  442 7 0.294  442 8 0.322  442 9 0.336  442 10 0.329  442 11 0.308  442 12 0.266  442 13 0.245  442 14 0.252  442 15 0.273  442 16 0.315  442 17 0.336  442 18 0.343  442 19 0.336  442 20 0.308  442 21 0.294  442 22 0.287  442 23 0.287  442 24 0.294  442 25 0.287  442 26 0.259  442 27 0.21  442 28 0.14  442 29 0.091  442 30 0.077  442 31 0.091  442 32 0.133  442 33 0.14  442 34 0.133  442 35 0.091  442 36 0.028  442 37 0  442 38 0.007  442 39 0.049  442 40 0.119  442 41 0.168  442 42 0.196  442 43 0.196  442 44 0.168  442 45 0.161  442 46 0.161  442 47 0.182  442 48 0.21  442 49 0.224  442 50 0.224  442 51 0.21  442 52 0.182  442 53 0.175  442 54 0.189  442 55 0.238  442 56 0.315  442 57 0.364  442 58 0.392  442 59 0.406  442 60 0.399  442 61 0.392  442 62 0.385  442 63 0.385  442 64 0.385  442 65 0.385  442 66 0.378  442 67 0.371  442 68 0.364  442 69 0.357  442 70 0.35  442 71 0.343  442 72 0.336  442 73 0.329  442 74 0.315  442 75 0.301  442 76 0.28  442 77 0.259  442 78 0.245  442 79 0.231  442 80 0.217  442 81 0.203  442 82 0.182  442 83 0.154  442 84 0.119  442 85 0.119  442 86 0.147  442 87 0.203  442 88 0.287  442 89 0.343  442 90 0.371  442 91 0.371  442 92 0.35  442 93 0.336  442 94 0.322  442 95 0.322  
157 0 0.2838  157 1 0.2772  157 2 0.264  157 3 0.2574  157 4 0.2376  157 5 0.2244  157 6 0.2178  157 7 0.2046  157 8 0.198  157 9 0.1914  157 10 0.1782  157 11 0.1518  157 12 0.132  157 13 0.1188  157 14 0.132  157 15 0.1584  157 16 0.2046  157 17 0.2244  157 18 0.2178  157 19 0.1848  157 20 0.132  157 21 0.099  157 22 0.0924  157 23 0.1056  157 24 0.1452  157 25 0.1782  157 26 0.2046  157 27 0.231  157 28 0.2442  157 29 0.2706  157 30 0.2904  157 31 0.3168  157 32 0.3498  157 33 0.3564  157 34 0.3498  157 35 0.3234  157 36 0.2838  157 37 0.2508  157 38 0.2244  157 39 0.2046  157 40 0.1914  157 41 0.1782  157 42 0.1584  157 43 0.1386  157 44 0.1188  157 45 0.1188  157 46 0.1386  157 47 0.1716  157 48 0.2244  157 49 0.2706  157 50 0.2904  157 51 0.3036  157 52 0.3036  157 53 0.3036  157 54 0.3102  157 55 0.3234  157 56 0.3366  157 57 0.3498  157 58 0.3432  157 59 0.33  157 60 0.3036  157 61 0.2838  157 62 0.264  157 63 0.2442  157 64 0.2244  157 65 0.2046  157 66 0.1782  157 67 0.1452  157 68 0.1122  157 69 0.0792  157 70 0.066  157 71 0.0594  157 72 0.0594  157 73 0.0594  157 74 0.0726  157 75 0.0858  157 76 0.1056  157 77 0.1386  157 78 0.1716  157 79 0.2178  157 80 0.264  157 81 0.2904  157 82 0.2904  157 83 0.2706  157 84 0.2244  157 85 0.1782  157 86 0.1386  157 87 0.099  157 88 0.066  157 89 0.0396  157 90 0.0198  157 91 0.0066  157 92 0  157 93 0.0132  157 94 0.0462  157 95 0.099  
1553 0 0.1147  1553 1 0.1085  1553 2 0.0992  1553 3 0.093  1553 4 0.0806  1553 5 0.0713  1553 6 0.062  1553 7 0.0589  1553 8 0.0589  1553 9 0.0527  1553 10 0.0465  1553 11 0.0341  1553 12 0.0186  1553 13 0.0093  1553 14 0.0124  1553 15 0.0248  1553 16 0.0465  1553 17 0.0589  1553 18 0.0651  1553 19 0.0651  1553 20 0.0558  1553 21 0.0496  1553 22 0.0465  1553 23 0.0496  1553 24 0.0558  1553 25 0.0589  1553 26 0.0589  1553 27 0.0558  1553 28 0.0496  1553 29 0.0465  1553 30 0.0527  1553 31 0.0589  1553 32 0.0713  1553 33 0.0775  1553 34 0.0806  1553 35 0.0744  1553 36 0.0682  1553 37 0.0651  1553 38 0.0651  1553 39 0.0713  1553 40 0.0837  1553 41 0.0837  1553 42 0.0775  1553 43 0.062  1553 44 0.0372  1553 45 0.0217  1553 46 0.0155  1553 47 0.0155  1553 48 0.0248  1553 49 0.0341  1553 50 0.0434  1553 51 0.0496  1553 52 0.0558  1553 53 0.062  1553 54 0.0713  1553 55 0.0806  1553 56 0.093  1553 57 0.0992  1553 58 0.0992  1553 59 0.0961  1553 60 0.0899  1553 61 0.0868  1553 62 0.0868  1553 63 0.0868  1553 64 0.093  1553 65 0.0899  1553 66 0.0837  1553 67 0.0682  1553 68 0.0496  1553 69 0.0341  1553 70 0.0248  1553 71 0.0217  1553 72 0.0248  1553 73 0.0248  1553 74 0.0217  1553 75 0.0155  1553 76 0.0031  1553 77 0  1553 78 0.0031  1553 79 0.0155  1553 80 0.0341  1553 81 0.0434  1553 82 0.0465  1553 83 0.0434  1553 84 0.0341  1553 85 0.031  1553 86 0.0372  1553 87 0.0496  1553 88 0.0682  1553 89 0.0837  1553 90 0.0899  1553 91 0.0899  1553 92 0.0837  1553 93 0.0837  1553 94 0.0837  1553 95 0.0899  
1361 0 0.198  1361 1 0.207  1361 2 0.216  1361 3 0.225  1361 4 0.234  1361 5 0.252  1361 6 0.279  1361 7 0.297  1361 8 0.324  1361 9 0.342  1361 10 0.342  1361 11 0.324  1361 12 0.297  1361 13 0.27  1361 14 0.261  1361 15 0.252  1361 16 0.261  1361 17 0.27  1361 18 0.27  1361 19 0.27  1361 20 0.261  1361 21 0.261  1361 22 0.261  1361 23 0.261  1361 24 0.261  1361 25 0.261  1361 26 0.27  1361 27 0.279  1361 28 0.288  1361 29 0.297  1361 30 0.315  1361 31 0.324  1361 32 0.342  1361 33 0.342  1361 34 0.333  1361 35 0.306  1361 36 0.27  1361 37 0.234  1361 38 0.198  1361 39 0.18  1361 40 0.153  1361 41 0.135  1361 42 0.099  1361 43 0.063  1361 44 0.018  1361 45 0  1361 46 0.009  1361 47 0.045  1361 48 0.099  1361 49 0.144  1361 50 0.162  1361 51 0.171  1361 52 0.162  1361 53 0.153  1361 54 0.144  1361 55 0.144  1361 56 0.144  1361 57 0.135  1361 58 0.135  1361 59 0.135  1361 60 0.126  1361 61 0.135  1361 62 0.153  1361 63 0.189  1361 64 0.243  1361 65 0.27  1361 66 0.27  1361 67 0.252  1361 68 0.207  1361 69 0.18  1361 70 0.162  1361 71 0.162  1361 72 0.18  1361 73 0.189  1361 74 0.189  1361 75 0.18  1361 76 0.153  1361 77 0.144  1361 78 0.144  1361 79 0.162  1361 80 0.189  1361 81 0.207  1361 82 0.225  1361 83 0.234  1361 84 0.225  1361 85 0.234  1361 86 0.234  1361 87 0.243  1361 88 0.252  1361 89 0.252  1361 90 0.252  1361 91 0.252  1361 92 0.234  1361 93 0.225  1361 94 0.216  1361 95 0.207  
1396 0 0.0847  1396 1 0.1078  1396 2 0.1386  1396 3 0.1694  1396 4 0.2156  1396 5 0.2464  1396 6 0.2695  1396 7 0.2618  1396 8 0.2387  1396 9 0.231  1396 10 0.2464  1396 11 0.2772  1396 12 0.3157  1396 13 0.3388  1396 14 0.3311  1396 15 0.3003  1396 16 0.2387  1396 17 0.2002  1396 18 0.1771  1396 19 0.1771  1396 20 0.1925  1396 21 0.1925  1396 22 0.1925  1396 23 0.1848  1396 24 0.1617  1396 25 0.1463  1396 26 0.1386  1396 27 0.1386  1396 28 0.1386  1396 29 0.1309  1396 30 0.1232  1396 31 0.1155  1396 32 0.1001  1396 33 0.1001  1396 34 0.1078  1396 35 0.1309  1396 36 0.1617  1396 37 0.1848  1396 38 0.1925  1396 39 0.2002  1396 40 0.1925  1396 41 0.1771  1396 42 0.1617  1396 43 0.1386  1396 44 0.1232  1396 45 0.1001  1396 46 0.0847  1396 47 0.0539  1396 48 0.0385  1396 49 0.0231  1396 50 0.0231  1396 51 0.0308  1396 52 0.0539  1396 53 0.077  1396 54 0.1001  1396 55 0.1155  1396 56 0.1309  1396 57 0.1463  1396 58 0.1617  1396 59 0.1771  1396 60 0.1925  1396 61 0.2002  1396 62 0.2002  1396 63 0.1925  1396 64 0.1771  1396 65 0.1771  1396 66 0.1925  1396 67 0.2233  1396 68 0.2772  1396 69 0.3003  1396 70 0.308  1396 71 0.2926  1396 72 0.2618  1396 73 0.2387  1396 74 0.2233  1396 75 0.2233  1396 76 0.231  1396 77 0.2156  1396 78 0.1925  1396 79 0.1463  1396 80 0.0847  1396 81 0.0385  1396 82 0.0077  1396 83 0  1396 84 0  1396 85 0.0077  1396 86 0.0077  1396 87 0.0077  1396 88 0.0077  1396 89 0.0077  1396 90 0.0231  1396 91 0.0462  1396 92 0.077  1396 93 0.0924  1396 94 0.1078  1396 95 0.1078  
213 0 0.096  213 1 0.104  213 2 0.112  213 3 0.12  213 4 0.136  213 5 0.136  213 6 0.128  213 7 0.096  213 8 0.048  213 9 0.024  213 10 0.016  213 11 0.032  213 12 0.072  213 13 0.104  213 14 0.12  213 15 0.128  213 16 0.12  213 17 0.12  213 18 0.12  213 19 0.128  213 20 0.128  213 21 0.128  213 22 0.112  213 23 0.104  213 24 0.072  213 25 0.072  213 26 0.088  213 27 0.128  213 28 0.184  213 29 0.224  213 30 0.256  213 31 0.264  213 32 0.264  213 33 0.264  213 34 0.256  213 35 0.248  213 36 0.232  213 37 0.216  213 38 0.184  213 39 0.136  213 40 0.088  213 41 0.064  213 42 0.072  213 43 0.128  213 44 0.2  213 45 0.264  213 46 0.296  213 47 0.296  213 48 0.28  213 49 0.272  213 50 0.264  213 51 0.272  213 52 0.288  213 53 0.28  213 54 0.272  213 55 0.24  213 56 0.192  213 57 0.16  213 58 0.144  213 59 0.144  213 60 0.16  213 61 0.16  213 62 0.144  213 63 0.104  213 64 0.048  213 65 0.016  213 66 0  213 67 0.008  213 68 0.04  213 69 0.064  213 70 0.072  213 71 0.072  213 72 0.056  213 73 0.064  213 74 0.072  213 75 0.104  213 76 0.144  213 77 0.16  213 78 0.168  213 79 0.152  213 80 0.112  213 81 0.096  213 82 0.096  213 83 0.128  213 84 0.168  213 85 0.2  213 86 0.232  213 87 0.256  213 88 0.264  213 89 0.28  213 90 0.32  213 91 0.368  213 92 0.424  213 93 0.44  213 94 0.424  213 95 0.36  
654 0 0  654 1 0.0078  654 2 0.0156  654 3 0.0234  654 4 0.039  654 5 0.0546  654 6 0.0624  654 7 0.0702  654 8 0.0702  654 9 0.0702  654 10 0.0858  654 11 0.1014  654 12 0.117  654 13 0.1248  654 14 0.1248  654 15 0.1092  654 16 0.0858  654 17 0.0702  654 18 0.0624  654 19 0.0624  654 20 0.0702  654 21 0.078  654 22 0.078  654 23 0.078  654 24 0.0702  654 25 0.0702  654 26 0.0702  654 27 0.0702  654 28 0.078  654 29 0.078  654 30 0.078  654 31 0.0702  654 32 0.0546  654 33 0.0468  654 34 0.039  654 35 0.0468  654 36 0.0546  654 37 0.0624  654 38 0.0624  654 39 0.0546  654 40 0.039  654 41 0.039  654 42 0.0468  654 43 0.0624  654 44 0.0936  654 45 0.1092  654 46 0.1248  654 47 0.117  654 48 0.1092  654 49 0.0936  654 50 0.0858  654 51 0.078  654 52 0.0702  654 53 0.0624  654 54 0.0546  654 55 0.039  654 56 0.0312  654 57 0.0234  654 58 0.0156  654 59 0.0234  654 60 0.0312  654 61 0.0312  654 62 0.0312  654 63 0.0312  654 64 0.0312  654 65 0.0312  654 66 0.039  654 67 0.0546  654 68 0.078  654 69 0.1014  654 70 0.1092  654 71 0.1092  654 72 0.1092  654 73 0.1092  654 74 0.1092  654 75 0.1248  654 76 0.1326  654 77 0.1404  654 78 0.1326  654 79 0.1248  654 80 0.1014  654 81 0.0858  654 82 0.078  654 83 0.0858  654 84 0.1014  654 85 0.1014  654 86 0.0936  654 87 0.078  654 88 0.0546  654 89 0.039  654 90 0.0312  654 91 0.0312  654 92 0.039  654 93 0.039  654 94 0.039  654 95 0.0312  
554 0 0.364  554 1 0.3458  554 2 0.3367  554 3 0.3276  554 4 0.3003  554 5 0.2912  554 6 0.2912  554 7 0.3003  554 8 0.3367  554 9 0.3458  554 10 0.3367  554 11 0.3185  554 12 0.273  554 13 0.2548  554 14 0.2548  554 15 0.2821  554 16 0.3185  554 17 0.3458  554 18 0.3549  554 19 0.3458  554 20 0.3185  554 21 0.3003  554 22 0.2912  554 23 0.2912  554 24 0.3003  554 25 0.2912  554 26 0.2639  554 27 0.2093  554 28 0.1456  554 29 0.1001  554 30 0.0819  554 31 0.091  554 32 0.1365  554 33 0.1456  554 34 0.1365  554 35 0.091  554 36 0.0273  554 37 0  554 38 0.0091  554 39 0.0455  554 40 0.1274  554 41 0.1729  554 42 0.2002  554 43 0.2002  554 44 0.1729  554 45 0.1638  554 46 0.1638  554 47 0.182  554 48 0.2184  554 49 0.2366  554 50 0.2366  554 51 0.2184  554 52 0.182  554 53 0.182  554 54 0.2002  554 55 0.2457  554 56 0.3185  554 57 0.3731  554 58 0.4004  554 59 0.4186  554 60 0.4095  554 61 0.4004  554 62 0.4004  554 63 0.4004  554 64 0.4004  554 65 0.3913  554 66 0.3913  554 67 0.3822  554 68 0.3731  554 69 0.364  554 70 0.364  554 71 0.3549  554 72 0.3458  554 73 0.3367  554 74 0.3276  554 75 0.3094  554 76 0.2912  554 77 0.2639  554 78 0.2548  554 79 0.2366  554 80 0.2275  554 81 0.2093  554 82 0.182  554 83 0.1547  554 84 0.1274  554 85 0.1274  554 86 0.1456  554 87 0.2093  554 88 0.3003  554 89 0.3549  554 90 0.3822  554 91 0.3822  554 92 0.3549  554 93 0.3458  554 94 0.3367  554 95 0.3367  
1382 0 0  1382 1 0.0046  1382 2 0.0092  1382 3 0.0092  1382 4 0.0184  1382 5 0.0276  1382 6 0.0322  1382 7 0.0414  1382 8 0.046  1382 9 0.0552  1382 10 0.0598  1382 11 0.0644  1382 12 0.069  1382 13 0.069  1382 14 0.0598  1382 15 0.046  1382 16 0.0322  1382 17 0.0184  1382 18 0.0184  1382 19 0.0184  1382 20 0.0276  1382 21 0.0368  1382 22 0.0414  1382 23 0.0414  1382 24 0.0414  1382 25 0.046  1382 26 0.0552  1382 27 0.0736  1382 28 0.0966  1382 29 0.1104  1382 30 0.115  1382 31 0.1104  1382 32 0.0966  1382 33 0.092  1382 34 0.0874  1382 35 0.092  1382 36 0.1012  1382 37 0.1058  1382 38 0.1012  1382 39 0.0966  1382 40 0.0782  1382 41 0.0736  1382 42 0.0736  1382 43 0.0828  1382 44 0.0966  1382 45 0.1058  1382 46 0.1058  1382 47 0.0966  1382 48 0.0828  1382 49 0.0736  1382 50 0.069  1382 51 0.0736  1382 52 0.0782  1382 53 0.0782  1382 54 0.0736  1382 55 0.0644  1382 56 0.046  1382 57 0.0368  1382 58 0.0322  1382 59 0.0368  1382 60 0.046  1382 61 0.0506  1382 62 0.0506  1382 63 0.0506  1382 64 0.0414  1382 65 0.0368  1382 66 0.0368  1382 67 0.0414  1382 68 0.046  1382 69 0.0506  1382 70 0.0506  1382 71 0.046  1382 72 0.0368  1382 73 0.0322  1382 74 0.0276  1382 75 0.0276  1382 76 0.0276  1382 77 0.0276  1382 78 0.0276  1382 79 0.023  1382 80 0.0184  1382 81 0.0184  1382 82 0.0184  1382 83 0.023  1382 84 0.0276  1382 85 0.0276  1382 86 0.0322  1382 87 0.0322  1382 88 0.0368  1382 89 0.0368  1382 90 0.0414  1382 91 0.046  1382 92 0.0506  1382 93 0.0506  1382 94 0.046  1382 95 0.0368  
1368 0 0.0255  1368 1 0.0357  1368 2 0.0459  1368 3 0.0561  1368 4 0.0714  1368 5 0.0816  1368 6 0.0867  1368 7 0.0765  1368 8 0.0663  1368 9 0.0561  1368 10 0.0561  1368 11 0.0663  1368 12 0.0816  1368 13 0.0867  1368 14 0.0867  1368 15 0.0816  1368 16 0.0663  1368 17 0.0561  1368 18 0.051  1368 19 0.051  1368 20 0.0561  1368 21 0.0561  1368 22 0.051  1368 23 0.0408  1368 24 0.0306  1368 25 0.0204  1368 26 0.0204  1368 27 0.0255  1368 28 0.0357  1368 29 0.0408  1368 30 0.0408  1368 31 0.0408  1368 32 0.0357  1368 33 0.0306  1368 34 0.0306  1368 35 0.0255  1368 36 0.0255  1368 37 0.0204  1368 38 0.0204  1368 39 0.0102  1368 40 0.0051  1368 41 0  1368 42 0  1368 43 0.0051  1368 44 0.0102  1368 45 0.0153  1368 46 0.0153  1368 47 0.0204  1368 48 0.0255  1368 49 0.0306  1368 50 0.0408  1368 51 0.051  1368 52 0.0663  1368 53 0.0765  1368 54 0.0765  1368 55 0.0663  1368 56 0.0561  1368 57 0.0459  1368 58 0.0408  1368 59 0.0408  1368 60 0.0408  1368 61 0.0408  1368 62 0.0408  1368 63 0.0357  1368 64 0.0306  1368 65 0.0255  1368 66 0.0204  1368 67 0.0204  1368 68 0.0255  1368 69 0.0255  1368 70 0.0255  1368 71 0.0255  1368 72 0.0204  1368 73 0.0153  1368 74 0.0204  1368 75 0.0204  1368 76 0.0255  1368 77 0.0255  1368 78 0.0306  1368 79 0.0306  1368 80 0.0255  1368 81 0.0255  1368 82 0.0255  1368 83 0.0306  1368 84 0.0357  1368 85 0.0408  1368 86 0.0459  1368 87 0.0459  1368 88 0.0459  1368 89 0.051  1368 90 0.051  1368 91 0.0561  1368 92 0.0561  1368 93 0.0612  1368 94 0.0561  1368 95 0.051  
1005 0 0.1326  1005 1 0.1326  1005 2 0.1365  1005 3 0.1404  1005 4 0.1443  1005 5 0.1443  1005 6 0.1287  1005 7 0.1053  1005 8 0.0663  1005 9 0.0468  1005 10 0.039  1005 11 0.0429  1005 12 0.0585  1005 13 0.0702  1005 14 0.078  1005 15 0.0819  1005 16 0.078  1005 17 0.078  1005 18 0.0858  1005 19 0.0936  1005 20 0.1092  1005 21 0.117  1005 22 0.1092  1005 23 0.0897  1005 24 0.0624  1005 25 0.0507  1005 26 0.0546  1005 27 0.0741  1005 28 0.1092  1005 29 0.1365  1005 30 0.1482  1005 31 0.1521  1005 32 0.1443  1005 33 0.1365  1005 34 0.1248  1005 35 0.1131  1005 36 0.1014  1005 37 0.0819  1005 38 0.0663  1005 39 0.0429  1005 40 0.0156  1005 41 0.0039  1005 42 0  1005 43 0.0078  1005 44 0.0273  1005 45 0.0429  1005 46 0.0468  1005 47 0.0468  1005 48 0.0429  1005 49 0.0468  1005 50 0.0624  1005 51 0.0897  1005 52 0.1287  1005 53 0.156  1005 54 0.1677  1005 55 0.1638  1005 56 0.1443  1005 57 0.1365  1005 58 0.1365  1005 59 0.1443  1005 60 0.1599  1005 61 0.1599  1005 62 0.1443  1005 63 0.117  1005 64 0.078  1005 65 0.0468  1005 66 0.0312  1005 67 0.0312  1005 68 0.0429  1005 69 0.0546  1005 70 0.0624  1005 71 0.0663  1005 72 0.0663  1005 73 0.078  1005 74 0.0897  1005 75 0.1131  1005 76 0.1404  1005 77 0.156  1005 78 0.156  1005 79 0.1443  1005 80 0.117  1005 81 0.1014  1005 82 0.0936  1005 83 0.0975  1005 84 0.1092  1005 85 0.1131  1005 86 0.1014  1005 87 0.0819  1005 88 0.0468  1005 89 0.0312  1005 90 0.0312  1005 91 0.0507  1005 92 0.0897  1005 93 0.1131  1005 94 0.1326  1005 95 0.1365  
671 0 0.3354  671 1 0.3182  671 2 0.3096  671 3 0.301  671 4 0.2752  671 5 0.2666  671 6 0.2666  671 7 0.2752  671 8 0.3096  671 9 0.3182  671 10 0.3096  671 11 0.2924  671 12 0.2494  671 13 0.2322  671 14 0.2408  671 15 0.258  671 16 0.2924  671 17 0.3182  671 18 0.3268  671 19 0.3182  671 20 0.2924  671 21 0.2752  671 22 0.2666  671 23 0.2666  671 24 0.2752  671 25 0.2666  671 26 0.2408  671 27 0.1978  671 28 0.129  671 29 0.086  671 30 0.0688  671 31 0.086  671 32 0.1204  671 33 0.1376  671 34 0.1204  671 35 0.086  671 36 0.0258  671 37 0  671 38 0.0086  671 39 0.043  671 40 0.1118  671 41 0.1634  671 42 0.1806  671 43 0.1806  671 44 0.1634  671 45 0.1462  671 46 0.1548  671 47 0.172  671 48 0.1978  671 49 0.215  671 50 0.215  671 51 0.1978  671 52 0.172  671 53 0.1634  671 54 0.1806  671 55 0.2236  671 56 0.2924  671 57 0.344  671 58 0.3698  671 59 0.3784  671 60 0.3784  671 61 0.3698  671 62 0.3612  671 63 0.3612  671 64 0.3612  671 65 0.3612  671 66 0.3526  671 67 0.3526  671 68 0.344  671 69 0.3354  671 70 0.3354  671 71 0.3268  671 72 0.3182  671 73 0.3096  671 74 0.301  671 75 0.2838  671 76 0.2666  671 77 0.2408  671 78 0.2322  671 79 0.215  671 80 0.2064  671 81 0.1892  671 82 0.172  671 83 0.1462  671 84 0.1118  671 85 0.1118  671 86 0.1376  671 87 0.1892  671 88 0.2752  671 89 0.3268  671 90 0.3526  671 91 0.3526  671 92 0.3268  671 93 0.3096  671 94 0.3096  671 95 0.3096  
7 0 0.0132  7 1 0.012  7 2 0.0108  7 3 0.0096  7 4 0.0072  7 5 0.006  7 6 0.0048  7 7 0.006  7 8 0.006  7 9 0.0072  7 10 0.0084  7 11 0.0084  7 12 0.0096  7 13 0.0096  7 14 0.0108  7 15 0.0108  7 16 0.0108  7 17 0.012  7 18 0.0108  7 19 0.0108  7 20 0.0084  7 21 0.0084  7 22 0.0084  7 23 0.0084  7 24 0.0096  7 25 0.0108  7 26 0.0108  7 27 0.0108  7 28 0.0096  7 29 0.0096  7 30 0.0096  7 31 0.0108  7 32 0.012  7 33 0.0132  7 34 0.0132  7 35 0.0132  7 36 0.012  7 37 0.012  7 38 0.0108  7 39 0.0108  7 40 0.0096  7 41 0.0096  7 42 0.0084  7 43 0.006  7 44 0.0036  7 45 0.0024  7 46 0.0024  7 47 0.0036  7 48 0.006  7 49 0.006  7 50 0.006  7 51 0.0048  7 52 0.0024  7 53 0  7 54 0  7 55 0  7 56 0.0012  7 57 0.0024  7 58 0.0036  7 59 0.0024  7 60 0.0024  7 61 0.0024  7 62 0.0024  7 63 0.0036  7 64 0.0048  7 65 0.0048  7 66 0.006  7 67 0.006  7 68 0.0048  7 69 0.0048  7 70 0.006  7 71 0.0072  7 72 0.0108  7 73 0.0108  7 74 0.0108  7 75 0.0084  7 76 0.006  7 77 0.0036  7 78 0.0012  7 79 0.0012  7 80 0.0024  7 81 0.0036  7 82 0.0036  7 83 0.0024  7 84 0.0024  7 85 0.0024  7 86 0.0036  7 87 0.0048  7 88 0.0084  7 89 0.0108  7 90 0.012  7 91 0.012  7 92 0.012  7 93 0.012  7 94 0.012  7 95 0.012  
1787 0 0.0066  1787 1 0.0132  1787 2 0.0264  1787 3 0.033  1787 4 0.0528  1787 5 0.066  1787 6 0.0726  1787 7 0.0726  1787 8 0.0594  1787 9 0.0528  1787 10 0.0462  1787 11 0.0462  1787 12 0.0396  1787 13 0.033  1787 14 0.033  1787 15 0.0264  1787 16 0.0198  1787 17 0.0198  1787 18 0.0198  1787 19 0.033  1787 20 0.0396  1787 21 0.0462  1787 22 0.0462  1787 23 0.0462  1787 24 0.033  1787 25 0.0264  1787 26 0.0264  1787 27 0.033  1787 28 0.0396  1787 29 0.0396  1787 30 0.033  1787 31 0.0264  1787 32 0.0132  1787 33 0  1787 34 0  1787 35 0  1787 36 0.0132  1787 37 0.0198  1787 38 0.0264  1787 39 0.0264  1787 40 0.033  1787 41 0.0396  1787 42 0.0528  1787 43 0.066  1787 44 0.0858  1787 45 0.099  1787 46 0.099  1787 47 0.0924  1787 48 0.0726  1787 49 0.066  1787 50 0.066  1787 51 0.0792  1787 52 0.099  1787 53 0.1122  1787 54 0.1188  1787 55 0.1188  1787 56 0.1056  1787 57 0.099  1787 58 0.0924  1787 59 0.0924  1787 60 0.099  1787 61 0.1056  1787 62 0.099  1787 63 0.0924  1787 64 0.0792  1787 65 0.0726  1787 66 0.0726  1787 67 0.0726  1787 68 0.0792  1787 69 0.0726  1787 70 0.066  1787 71 0.0528  1787 72 0.033  1787 73 0.0198  1787 74 0.0264  1787 75 0.0396  1787 76 0.0726  1787 77 0.0924  1787 78 0.1056  1787 79 0.1056  1787 80 0.099  1787 81 0.0924  1787 82 0.0924  1787 83 0.099  1787 84 0.1056  1787 85 0.1056  1787 86 0.0924  1787 87 0.0726  1787 88 0.0462  1787 89 0.0264  1787 90 0.0132  1787 91 0.0066  1787 92 0.0132  1787 93 0.0132  1787 94 0.0132  1787 95 0.0132  
359 0 0.0025  359 1 0.0023  359 2 0.0021  359 3 0.0019  359 4 0.0014  359 5 0.0012  359 6 0.001  359 7 0.0011  359 8 0.0013  359 9 0.0014  359 10 0.0016  359 11 0.0017  359 12 0.0018  359 13 0.0019  359 14 0.002  359 15 0.0021  359 16 0.0022  359 17 0.0022  359 18 0.0021  359 19 0.002  359 20 0.0017  359 21 0.0016  359 22 0.0016  359 23 0.0017  359 24 0.0019  359 25 0.002  359 26 0.002  359 27 0.002  359 28 0.0018  359 29 0.0018  359 30 0.0018  359 31 0.0021  359 32 0.0024  359 33 0.0026  359 34 0.0026  359 35 0.0026  359 36 0.0024  359 37 0.0022  359 38 0.0021  359 39 0.002  359 40 0.0019  359 41 0.0018  359 42 0.0015  359 43 0.0012  359 44 0.0007  359 45 0.0004  359 46 0.0004  359 47 0.0006  359 48 0.0011  359 49 0.0012  359 50 0.0012  359 51 0.0009  359 52 0.0004  359 53 0.0001  359 54 0  359 55 0.0001  359 56 0.0003  359 57 0.0005  359 58 0.0006  359 59 0.0006  359 60 0.0004  359 61 0.0004  359 62 0.0004  359 63 0.0006  359 64 0.0008  359 65 0.001  359 66 0.0011  359 67 0.0011  359 68 0.0009  359 69 0.001  359 70 0.0012  359 71 0.0015  359 72 0.002  359 73 0.0022  359 74 0.0021  359 75 0.0017  359 76 0.0011  359 77 0.0006  359 78 0.0003  359 79 0.0003  359 80 0.0005  359 81 0.0006  359 82 0.0006  359 83 0.0005  359 84 0.0004  359 85 0.0004  359 86 0.0006  359 87 0.001  359 88 0.0016  359 89 0.002  359 90 0.0023  359 91 0.0024  359 92 0.0024  359 93 0.0023  359 94 0.0023  359 95 0.0024  
1547 0 0.0132  1547 1 0.0144  1547 2 0.0156  1547 3 0.0162  1547 4 0.018  1547 5 0.0192  1547 6 0.0186  1547 7 0.0174  1547 8 0.0156  1547 9 0.0138  1547 10 0.0126  1547 11 0.0114  1547 12 0.0114  1547 13 0.0108  1547 14 0.0096  1547 15 0.0072  1547 16 0.0042  1547 17 0.003  1547 18 0.0024  1547 19 0.0036  1547 20 0.006  1547 21 0.0072  1547 22 0.0084  1547 23 0.0084  1547 24 0.0078  1547 25 0.0084  1547 26 0.0102  1547 27 0.0132  1547 28 0.0174  1547 29 0.0192  1547 30 0.0192  1547 31 0.0174  1547 32 0.0144  1547 33 0.0114  1547 34 0.0102  1547 35 0.0102  1547 36 0.0108  1547 37 0.0108  1547 38 0.0096  1547 39 0.0066  1547 40 0.003  1547 41 0.0006  1547 42 0  1547 43 0.0006  1547 44 0.003  1547 45 0.0042  1547 46 0.0054  1547 47 0.006  1547 48 0.0066  1547 49 0.0066  1547 50 0.0072  1547 51 0.0078  1547 52 0.0078  1547 53 0.0078  1547 54 0.0072  1547 55 0.0054  1547 56 0.003  1547 57 0.0018  1547 58 0.0018  1547 59 0.003  1547 60 0.0048  1547 61 0.0066  1547 62 0.0078  1547 63 0.0084  1547 64 0.009  1547 65 0.009  1547 66 0.009  1547 67 0.009  1547 68 0.009  1547 69 0.0084  1547 70 0.0072  1547 71 0.006  1547 72 0.0042  1547 73 0.0042  1547 74 0.0048  1547 75 0.0072  1547 76 0.0108  1547 77 0.0126  1547 78 0.0132  1547 79 0.0126  1547 80 0.0108  1547 81 0.0096  1547 82 0.009  1547 83 0.009  1547 84 0.0096  1547 85 0.0102  1547 86 0.0102  1547 87 0.0102  1547 88 0.0096  1547 89 0.0096  1547 90 0.0102  1547 91 0.0114  1547 92 0.0132  1547 93 0.015  1547 94 0.015  1547 95 0.015  
287 0 0.0328  287 1 0.0369  287 2 0.041  287 3 0.0451  287 4 0.0533  287 5 0.0615  287 6 0.0656  287 7 0.0697  287 8 0.0697  287 9 0.0779  287 10 0.082  287 11 0.0943  287 12 0.1025  287 13 0.1066  287 14 0.1025  287 15 0.0902  287 16 0.0697  287 17 0.0615  287 18 0.0615  287 19 0.0779  287 20 0.1025  287 21 0.1189  287 22 0.1189  287 23 0.1148  287 24 0.0984  287 25 0.082  287 26 0.0697  287 27 0.0574  287 28 0.0492  287 29 0.041  287 30 0.0287  287 31 0.0164  287 32 0.0041  287 33 0  287 34 0.0041  287 35 0.0164  287 36 0.0328  287 37 0.0492  287 38 0.0615  287 39 0.0697  287 40 0.0779  287 41 0.082  287 42 0.0902  287 43 0.0984  287 44 0.1107  287 45 0.1107  287 46 0.1025  287 47 0.0861  287 48 0.0615  287 49 0.041  287 50 0.0287  287 51 0.0246  287 52 0.0246  287 53 0.0246  287 54 0.0205  287 55 0.0164  287 56 0.0082  287 57 0.0041  287 58 0.0082  287 59 0.0123  287 60 0.0246  287 61 0.0328  287 62 0.0451  287 63 0.0533  287 64 0.0615  287 65 0.0697  287 66 0.082  287 67 0.0943  287 68 0.1107  287 69 0.123  287 70 0.1312  287 71 0.1353  287 72 0.1353  287 73 0.1353  287 74 0.1312  287 75 0.123  287 76 0.1148  287 77 0.1025  287 78 0.0861  287 79 0.0656  287 80 0.041  287 81 0.0287  287 82 0.0287  287 83 0.041  287 84 0.0615  287 85 0.082  287 86 0.1025  287 87 0.1189  287 88 0.1312  287 89 0.1435  287 90 0.1517  287 91 0.1599  287 92 0.164  287 93 0.1558  287 94 0.1394  287 95 0.1189  
28 0 0  28 1 0.0288  28 2 0.0576  28 3 0.0768  28 4 0.1344  28 5 0.1824  28 6 0.2112  28 7 0.2496  28 8 0.2688  28 9 0.2976  28 10 0.3456  28 11 0.3936  28 12 0.4512  28 13 0.48  28 14 0.48  28 15 0.4512  28 16 0.384  28 17 0.3552  28 18 0.3552  28 19 0.3936  28 20 0.4512  28 21 0.48  28 22 0.4704  28 23 0.4224  28 24 0.336  28 25 0.2688  28 26 0.2208  28 27 0.192  28 28 0.192  28 29 0.1824  28 30 0.1632  28 31 0.144  28 32 0.1248  28 33 0.1152  28 34 0.1152  28 35 0.1248  28 36 0.1536  28 37 0.1728  28 38 0.1824  28 39 0.1824  28 40 0.1728  28 41 0.1728  28 42 0.192  28 43 0.2304  28 44 0.2784  28 45 0.3072  28 46 0.3264  28 47 0.3264  28 48 0.3072  28 49 0.3072  28 50 0.3264  28 51 0.3744  28 52 0.432  28 53 0.4608  28 54 0.4512  28 55 0.4032  28 56 0.3168  28 57 0.2592  28 58 0.2208  28 59 0.2016  28 60 0.2112  28 61 0.2016  28 62 0.1824  28 63 0.144  28 64 0.096  28 65 0.0576  28 66 0.0384  28 67 0.0288  28 68 0.0288  28 69 0.0288  28 70 0.0288  28 71 0.0288  28 72 0.0192  28 73 0.0288  28 74 0.0384  28 75 0.0672  28 76 0.1056  28 77 0.144  28 78 0.1632  28 79 0.1728  28 80 0.1632  28 81 0.1824  28 82 0.2208  28 83 0.2688  28 84 0.336  28 85 0.3744  28 86 0.3744  28 87 0.3552  28 88 0.2976  28 89 0.2496  28 90 0.2208  28 91 0.1824  28 92 0.1632  28 93 0.144  28 94 0.1152  28 95 0.0864  
1293 0 0.0558  1293 1 0.0744  1293 2 0.0837  1293 3 0.093  1293 4 0.1302  1293 5 0.1581  1293 6 0.1767  1293 7 0.1953  1293 8 0.2046  1293 9 0.2139  1293 10 0.2325  1293 11 0.2418  1293 12 0.2604  1293 13 0.2697  1293 14 0.279  1293 15 0.279  1293 16 0.279  1293 17 0.2883  1293 18 0.3162  1293 19 0.3627  1293 20 0.4092  1293 21 0.4371  1293 22 0.4464  1293 23 0.4185  1293 24 0.3813  1293 25 0.3534  1293 26 0.3441  1293 27 0.3627  1293 28 0.3906  1293 29 0.4092  1293 30 0.4092  1293 31 0.3999  1293 32 0.3813  1293 33 0.3627  1293 34 0.3441  1293 35 0.3255  1293 36 0.3162  1293 37 0.3069  1293 38 0.2883  1293 39 0.2604  1293 40 0.2232  1293 41 0.2046  1293 42 0.186  1293 43 0.1767  1293 44 0.1767  1293 45 0.1674  1293 46 0.1581  1293 47 0.1302  1293 48 0.1023  1293 49 0.093  1293 50 0.1023  1293 51 0.1395  1293 52 0.1953  1293 53 0.2418  1293 54 0.2604  1293 55 0.2604  1293 56 0.2511  1293 57 0.2418  1293 58 0.2511  1293 59 0.2697  1293 60 0.2883  1293 61 0.3069  1293 62 0.3069  1293 63 0.2976  1293 64 0.279  1293 65 0.2604  1293 66 0.2511  1293 67 0.2511  1293 68 0.2511  1293 69 0.2418  1293 70 0.2046  1293 71 0.1581  1293 72 0.0837  1293 73 0.0279  1293 74 0  1293 75 0  1293 76 0.0186  1293 77 0.0279  1293 78 0.0279  1293 79 0.0186  1293 80 0.0093  1293 81 0  1293 82 0  1293 83 0.0093  1293 84 0.0186  1293 85 0.0372  1293 86 0.0465  1293 87 0.0558  1293 88 0.0651  1293 89 0.0837  1293 90 0.093  1293 91 0.1116  1293 92 0.1302  1293 93 0.1395  1293 94 0.1395  1293 95 0.1209  
1837 0 0.1071  1837 1 0.1122  1837 2 0.1122  1837 3 0.1122  1837 4 0.1173  1837 5 0.1173  1837 6 0.102  1837 7 0.0867  1837 8 0.0561  1837 9 0.0357  1837 10 0.0306  1837 11 0.0357  1837 12 0.051  1837 13 0.0561  1837 14 0.0663  1837 15 0.0663  1837 16 0.0612  1837 17 0.0663  1837 18 0.0714  1837 19 0.0765  1837 20 0.0918  1837 21 0.0969  1837 22 0.0918  1837 23 0.0765  1837 24 0.051  1837 25 0.0408  1837 26 0.0459  1837 27 0.0612  1837 28 0.0918  1837 29 0.1122  1837 30 0.1224  1837 31 0.1224  1837 32 0.1173  1837 33 0.1122  1837 34 0.102  1837 35 0.0918  1837 36 0.0816  1837 37 0.0663  1837 38 0.051  1837 39 0.0357  1837 40 0.0153  1837 41 0.0051  1837 42 0  1837 43 0.0051  1837 44 0.0255  1837 45 0.0357  1837 46 0.0408  1837 47 0.0408  1837 48 0.0357  1837 49 0.0357  1837 50 0.051  1837 51 0.0714  1837 52 0.1071  1837 53 0.1275  1837 54 0.1377  1837 55 0.1326  1837 56 0.1173  1837 57 0.1122  1837 58 0.1122  1837 59 0.1173  1837 60 0.1326  1837 61 0.1326  1837 62 0.1173  1837 63 0.0969  1837 64 0.0612  1837 65 0.0357  1837 66 0.0255  1837 67 0.0255  1837 68 0.0357  1837 69 0.0459  1837 70 0.051  1837 71 0.0561  1837 72 0.0561  1837 73 0.0612  1837 74 0.0765  1837 75 0.0918  1837 76 0.1173  1837 77 0.1275  1837 78 0.1275  1837 79 0.1173  1837 80 0.0969  1837 81 0.0816  1837 82 0.0765  1837 83 0.0816  1837 84 0.0918  1837 85 0.0918  1837 86 0.0816  1837 87 0.0663  1837 88 0.0357  1837 89 0.0255  1837 90 0.0255  1837 91 0.0408  1837 92 0.0714  1837 93 0.0918  1837 94 0.1071  1837 95 0.1122  
418 0 0.2175  418 1 0.2088  418 2 0.2001  418 3 0.2001  418 4 0.1827  418 5 0.1653  418 6 0.1566  418 7 0.1392  418 8 0.1305  418 9 0.1131  418 10 0.1044  418 11 0.0957  418 12 0.087  418 13 0.087  418 14 0.1044  418 15 0.1305  418 16 0.1566  418 17 0.1827  418 18 0.1827  418 19 0.1827  418 20 0.1653  418 21 0.1479  418 22 0.1392  418 23 0.1392  418 24 0.1392  418 25 0.1305  418 26 0.1131  418 27 0.0783  418 28 0.0348  418 29 0.0087  418 30 0  418 31 0.0087  418 32 0.0348  418 33 0.0435  418 34 0.0522  418 35 0.0435  418 36 0.0261  418 37 0.0174  418 38 0.0261  418 39 0.0348  418 40 0.0696  418 41 0.0783  418 42 0.0783  418 43 0.0609  418 44 0.0348  418 45 0.0174  418 46 0.0174  418 47 0.0348  418 48 0.0609  418 49 0.0783  418 50 0.087  418 51 0.0783  418 52 0.0696  418 53 0.0696  418 54 0.0783  418 55 0.0957  418 56 0.1305  418 57 0.1479  418 58 0.1566  418 59 0.1479  418 60 0.1305  418 61 0.1218  418 62 0.1218  418 63 0.1218  418 64 0.1392  418 65 0.1479  418 66 0.1479  418 67 0.1392  418 68 0.1305  418 69 0.1218  418 70 0.1218  418 71 0.1305  418 72 0.1479  418 73 0.1566  418 74 0.1653  418 75 0.1653  418 76 0.1653  418 77 0.1653  418 78 0.1653  418 79 0.174  418 80 0.1827  418 81 0.1827  418 82 0.1827  418 83 0.174  418 84 0.1653  418 85 0.1653  418 86 0.1566  418 87 0.1566  418 88 0.1479  418 89 0.1479  418 90 0.1392  418 91 0.1305  418 92 0.1218  418 93 0.1218  418 94 0.1305  418 95 0.1479  

6097 0 0  6097 1 0  6097 2 0  6097 3 0  6097 4 0  6097 5 0  6097 6 0  6097 7 0  6097 8 0  6097 9 0  6097 10 0  6097 11 0  6097 12 0  6097 13 0  6097 14 0  6097 15 0  6097 16 0  6097 17 0  6097 18 0  6097 19 0  6097 20 0  6097 21 0  6097 22 0  6097 23 0  6097 24 0  6097 25 0  6097 26 0  6097 27 0  6097 28 0  6097 29 0  6097 30 0  6097 31 0  6097 32 0  6097 33 0  6097 34 0  6097 35 0  6097 36 0  6097 37 0  6097 38 0  6097 39 0  6097 40 0  6097 41 0  6097 42 0  6097 43 0  6097 44 0  6097 45 0  6097 46 0  6097 47 0  6097 48 0  6097 49 0  6097 50 0  6097 51 0  6097 52 0  6097 53 0  6097 54 0  6097 55 0  6097 56 0  6097 57 0  6097 58 0  6097 59 0  6097 60 0  6097 61 0  6097 62 0  6097 63 0  6097 64 0  6097 65 0  6097 66 0  6097 67 0  6097 68 0  6097 69 0  6097 70 0  6097 71 0  6097 72 0  6097 73 0  6097 74 0  6097 75 0  6097 76 0  6097 77 0  6097 78 0  6097 79 0  6097 80 0  6097 81 0  6097 82 0  6097 83 0  6097 84 0  6097 85 0  6097 86 0  6097 87 0  6097 88 0  6097 89 0  6097 90 0  6097 91 0  6097 92 0  6097 93 0  6097 94 0  6097 95 0  
;

param t := 
1097 358 0.332639  
1097 1669 0.233662  
1097 1092 0.0375596  
1097 442 0.245364  
1097 157 0.289972  
1097 1553 0.271739  
1097 1361 0.131729  
1097 1396 0.205034  
1097 213 0.248895  
1097 654 0.121832  
1097 554 0.149489  
1097 1382 0.153907  
1097 1368 0.139151  
1097 1005 0.110128  
1097 671 0.175268  
1097 7 0.508821  
1097 1787 0.148213  
1097 359 0.320908  
1097 1547 0.0881785  
1097 287 0.47479  
1097 28 0.463587  
1097 1293 0.396092  
1097 1837 0.117042  
1097 418 0.192467  
358 6097 0.358221  
358 1669 0.403662  
358 1092 0.323779  
358 442 0.264135  
358 157 0.425643  
358 1553 0.138228  
358 1361 0.252892  
358 1396 0.321473  
358 213 0.41648  
358 654 0.302127  
358 554 0.234387  
358 1382 0.275572  
358 1368 0.292363  
358 1005 0.280963  
358 671 0.234842  
358 7 0.269687  
358 1787 0.246888  
358 359 0.0124852  
358 1547 0.308606  
358 287 0.158112  
358 28 0.223671  
358 1293 0.206185  
358 1837 0.348761  
358 418 0.181457  
1669 6097 0.234398  
1669 358 0.421148  
1669 1092 0.215581  
1669 442 0.167222  
1669 157 0.218551  
1669 1553 0.450321  
1669 1361 0.319124  
1669 1396 0.374878  
1669 213 0.168735  
1669 654 0.18296  
1669 554 0.171724  
1669 1382 0.341803  
1669 1368 0.310202  
1669 1005 0.23175  
1669 671 0.221967  
1669 7 0.451358  
1669 1787 0.346964  
1669 359 0.409417  
1669 1547 0.203178  
1669 287 0.465002  
1669 28 0.414385  
1669 1293 0.561538  
1669 1837 0.233612  
1669 418 0.214702  
1092 6097 0.0334304  
1092 358 0.303762  
1092 1669 0.242898  
1092 442 0.22874  
1092 157 0.300469  
1092 1553 0.24264  
1092 1361 0.121634  
1092 1396 0.194939  
1092 213 0.26248  
1092 654 0.129809  
1092 554 0.121943  
1092 1382 0.143812  
1092 1368 0.129056  
1092 1005 0.082582  
1092 671 0.147723  
1092 7 0.484258  
1092 1787 0.131686  
1092 359 0.292031  
1092 1547 0.0606327  
1092 287 0.445913  
1092 28 0.438596  
1092 1293 0.367676  
1092 1837 0.144849  
1092 418 0.164921  
442 6097 0.228547  
442 358 0.245699  
442 1669 0.171015  
442 1092 0.203714  
442 157 0.161618  
442 1553 0.322068  
442 1361 0.319583  
442 1396 0.384076  
442 213 0.165442  
442 654 0.145762  
442 554 0.119462  
442 1382 0.342263  
442 1368 0.330696  
442 1005 0.178162  
442 671 0.169705  
442 7 0.343327  
442 1787 0.293844  
442 359 0.287444  
442 1547 0.157464  
442 287 0.338018  
442 28 0.26392  
442 1293 0.448169  
442 1837 0.271546  
442 418 0.145265  
157 6097 0.281709  
157 358 0.380275  
157 1669 0.215546  
157 1092 0.263177  
157 442 0.182032  
157 1553 0.472027  
157 1361 0.395666  
157 1396 0.460159  
157 213 0.107719  
157 654 0.219269  
157 554 0.214862  
157 1382 0.418346  
157 1368 0.406779  
157 1005 0.278584  
157 671 0.266324  
157 7 0.372163  
157 1787 0.397444  
157 359 0.390945  
157 1547 0.250369  
157 287 0.470073  
157 28 0.297939  
157 1293 0.582668  
157 1837 0.325539  
157 418 0.279394  
1553 6097 0.239364  
1553 358 0.162951  
1553 1669 0.418995  
1553 1092 0.238482  
1553 442 0.325356  
1553 157 0.454413  
1553 1361 0.123078  
1553 1396 0.204939  
1553 213 0.431813  
1553 654 0.32802  
1553 554 0.249379  
1553 1382 0.145257  
1553 1368 0.158358  
1553 1005 0.253506  
1553 671 0.232047  
1553 7 0.423152  
1553 1787 0.13321  
1553 359 0.152049  
1553 1547 0.263627  
1553 287 0.294252  
1553 28 0.377491  
1553 1293 0.113239  
1553 1837 0.220523  
1553 418 0.200831  
1361 6097 0.120949  
1361 358 0.342051  
1361 1669 0.314748  
1361 1092 0.13068  
1361 442 0.342955  
1361 157 0.405865  
1361 1553 0.196156  
1361 1396 0.0818605  
1361 213 0.383265  
1361 654 0.242781  
1361 554 0.230962  
1361 1382 0.0221783  
1361 1368 0.0352801  
1361 1005 0.18971  
1361 671 0.239505  
1361 7 0.579352  
1361 1787 0.13616  
1361 359 0.33032  
1361 1547 0.177505  
1361 287 0.484202  
1361 28 0.539338  
1361 1293 0.322527  
1361 1837 0.0974446  
1361 418 0.272285  
1396 6097 0.204773  
1396 358 0.431125  
1396 1669 0.398888  
1396 1092 0.214504  
1396 442 0.430517  
1396 157 0.48709  
1396 1553 0.284396  
1396 1361 0.0971055  
1396 213 0.46449  
1396 654 0.320698  
1396 554 0.31509  
1396 1382 0.100422  
1396 1368 0.109604  
1396 1005 0.270058  
1396 671 0.316597  
1396 7 0.665781  
1396 1787 0.220525  
1396 359 0.419394  
1396 1547 0.260705  
1396 287 0.573986  
1396 28 0.625498  
1396 1293 0.408749  
1396 1837 0.167399  
1396 418 0.359374  
213 6097 0.222561  
213 358 0.379867  
213 1669 0.180096  
213 1092 0.203744  
213 442 0.172149  
213 157 0.115321  
213 1553 0.437376  
213 1361 0.319611  
213 1396 0.384105  
213 654 0.160173  
213 554 0.155766  
213 1382 0.342291  
213 1368 0.330724  
213 1005 0.219912  
213 671 0.206009  
213 7 0.486361  
213 1787 0.331982  
213 359 0.398023  
213 1547 0.191341  
213 287 0.469665  
213 28 0.402431  
213 1293 0.548154  
213 1837 0.266327  
213 418 0.198744  
654 6097 0.112531  
654 358 0.30413  
654 1669 0.168389  
654 1092 0.0937138  
654 442 0.141611  
654 157 0.214417  
654 1553 0.33383  
654 1361 0.213839  
654 1396 0.2797  
654 213 0.176339  
654 554 0.0541199  
654 1382 0.236017  
654 1368 0.221262  
654 1005 0.107411  
654 671 0.112838  
654 7 0.415058  
654 1787 0.219796  
654 359 0.292399  
654 1547 0.0788396  
654 287 0.396961  
654 28 0.369396  
654 1293 0.458183  
654 1837 0.158944  
654 418 0.0970981  
554 6097 0.144015  
554 358 0.251656  
554 1669 0.182552  
554 1092 0.119182  
554 442 0.124435  
554 157 0.221333  
554 1553 0.254575  
554 1361 0.241474  
554 1396 0.302905  
554 213 0.191478  
554 654 0.0762289  
554 1382 0.264191  
554 1368 0.24673  
554 1005 0.0586998  
554 671 0.0502432  
554 7 0.368727  
554 1787 0.184789  
554 359 0.240637  
554 1547 0.0729323  
554 287 0.342515  
554 28 0.323066  
554 1293 0.363445  
554 1837 0.190428  
554 418 0.0429783  
1382 6097 0.142635  
1382 358 0.347417  
1382 1669 0.33536  
1382 1092 0.152365  
1382 442 0.37007  
1382 157 0.424954  
1382 1553 0.202363  
1382 1361 0.0344265  
1382 1396 0.0851944  
1382 213 0.402354  
1382 654 0.261333  
1382 554 0.252343  
1382 1368 0.0569659  
1382 1005 0.211395  
1382 671 0.262127  
1382 7 0.601699  
1382 1787 0.142367  
1382 359 0.335686  
1382 1547 0.199191  
1382 287 0.489569  
1382 28 0.561416  
1382 1293 0.33061  
1382 1837 0.11913  
1382 418 0.294483  
1368 6097 0.125005  
1368 358 0.367227  
1368 1669 0.307701  
1368 1092 0.134735  
1368 442 0.365379  
1368 157 0.409738  
1368 1553 0.220653  
1368 1361 0.037237  
1368 1396 0.102298  
1368 213 0.387138  
1368 654 0.246837  
1368 554 0.248431  
1368 1382 0.0594153  
1368 1005 0.207179  
1368 671 0.257399  
1368 7 0.597809  
1368 1787 0.160656  
1368 359 0.355496  
1368 1547 0.195368  
1368 287 0.509343  
1368 28 0.557527  
1368 1293 0.346724  
1368 1837 0.0903638  
1368 418 0.289432  
1005 6097 0.12267  
1005 358 0.268762  
1005 1669 0.240968  
1005 1092 0.0921833  
1005 442 0.185862  
1005 157 0.276221  
1005 1553 0.260101  
1005 1361 0.213873  
1005 1396 0.278408  
1005 213 0.249893  
1005 654 0.110029  
1005 554 0.0614273  
1005 1382 0.236051  
1005 1368 0.219731  
1005 671 0.0658991  
1005 7 0.427613  
1005 1787 0.158293  
1005 359 0.257031  
1005 1547 0.0544179  
1005 287 0.410913  
1005 28 0.381951  
1005 1293 0.36924  
1005 1837 0.173417  
1005 418 0.117387  
671 6097 0.177301  
671 358 0.251117  
671 1669 0.218468  
671 1092 0.152468  
671 442 0.163874  
671 157 0.256788  
671 1553 0.244068  
671 1361 0.258035  
671 1396 0.326616  
671 213 0.227393  
671 654 0.112145  
671 554 0.045657  
671 1382 0.280715  
671 1368 0.282083  
671 1005 0.0919859  
671 7 0.393002  
671 1787 0.155388  
671 359 0.240136  
671 1547 0.106218  
671 287 0.362334  
671 28 0.34734  
671 1293 0.354676  
671 1837 0.223714  
671 418 0.0631209  
7 6097 0.509172  
7 358 0.273838  
7 1669 0.491069  
7 1092 0.48099  
7 442 0.324913  
7 157 0.353041  
7 1553 0.422269  
7 1361 0.535256  
7 1396 0.605378  
7 213 0.464211  
7 654 0.44849  
7 554 0.365408  
7 1382 0.560637  
7 1368 0.579264  
7 1005 0.415939  
7 671 0.368771  
7 1787 0.472605  
7 359 0.284507  
7 1547 0.434475  
7 287 0.352582  
7 28 0.0848006  
7 1293 0.492284  
7 1837 0.552524  
7 418 0.325281  
1787 6097 0.146993  
1787 358 0.232266  
1787 1669 0.36243  
1787 1092 0.142153  
1787 442 0.289627  
1787 157 0.400419  
1787 1553 0.122251  
1787 1361 0.121087  
1787 1396 0.202947  
1787 213 0.377819  
1787 654 0.235801  
1787 554 0.201988  
1787 1382 0.143265  
1787 1368 0.156367  
1787 1005 0.156921  
1787 671 0.168991  
1787 7 0.477238  
1787 359 0.221364  
1787 1547 0.166826  
1787 287 0.378481  
1787 28 0.431576  
1787 1293 0.23549  
1787 1837 0.218531  
1787 418 0.150795  
359 6097 0.345348  
359 358 0.0109018  
359 1669 0.395991  
359 1092 0.310544  
359 442 0.256951  
359 157 0.406601  
359 1553 0.125743  
359 1361 0.240488  
359 1396 0.309734  
359 213 0.408809  
359 654 0.294457  
359 554 0.226559  
359 1382 0.263167  
359 1368 0.278672  
359 1005 0.269777  
359 671 0.245122  
359 7 0.281632  
359 1787 0.234403  
359 1547 0.297421  
359 287 0.169014  
359 28 0.234573  
359 1293 0.209225  
359 1837 0.335069  
359 418 0.173628  
1547 6097 0.0778474  
1547 358 0.313927  
1547 1669 0.201533  
1547 1092 0.0462499  
1547 442 0.198147  
1547 157 0.241424  
1547 1553 0.268876  
1547 1361 0.166375  
1547 1396 0.23968  
1547 213 0.211568  
1547 654 0.0710505  
1547 554 0.09884  
1547 1382 0.188554  
1547 1368 0.173798  
1547 1005 0.0594791  
1547 671 0.12462  
1547 7 0.462598  
1547 1787 0.165661  
1547 359 0.302196  
1547 287 0.456078  
1547 28 0.416937  
1547 1293 0.393229  
1547 1837 0.12426  
1547 418 0.141818  
287 6097 0.469445  
287 358 0.148153  
287 1669 0.497426  
287 1092 0.463279  
287 442 0.324946  
287 157 0.499136  
287 1553 0.273738  
287 1361 0.39011  
287 1396 0.458692  
287 213 0.487663  
287 654 0.395892  
287 554 0.325829  
287 1382 0.41279  
287 1368 0.429581  
287 1005 0.37636  
287 671 0.3332  
287 7 0.332322  
287 1787 0.384745  
287 359 0.160638  
287 1547 0.394896  
287 28 0.286018  
287 1293 0.352934  
287 1837 0.485979  
287 418 0.275754  
28 6097 0.454093  
28 358 0.22301  
28 1669 0.407853  
28 1092 0.426059  
28 442 0.241593  
28 157 0.274951  
28 1553 0.384821  
28 1361 0.501078  
28 1396 0.571199  
28 213 0.38612  
28 654 0.38893  
28 554 0.310477  
28 1382 0.526458  
28 1368 0.56292  
28 1005 0.361008  
28 671 0.31384  
28 7 0.100343  
28 1787 0.421269  
28 359 0.235495  
28 1547 0.379544  
28 287 0.299453  
28 1293 0.442845  
28 1837 0.498435  
28 418 0.273945  
1293 6097 0.337445  
1293 358 0.187569  
1293 1669 0.518903  
1293 1092 0.338182  
1293 442 0.418129  
1293 157 0.550489  
1293 1553 0.104409  
1293 1361 0.227487  
1293 1396 0.300781  
1293 213 0.511855  
1293 654 0.437545  
1293 554 0.345368  
1293 1382 0.249665  
1293 1368 0.264466  
1293 1005 0.355761  
1293 671 0.335553  
1293 7 0.448126  
1293 1787 0.237619  
1293 359 0.200596  
1293 1547 0.372281  
1293 287 0.319362  
1293 28 0.402464  
1293 1837 0.32123  
1293 418 0.298867  
1837 6097 0.177441  
1837 358 0.464135  
1837 1669 0.268036  
1837 1092 0.190559  
1837 442 0.362753  
1837 157 0.403583  
1837 1553 0.318547  
1837 1361 0.128758  
1837 1396 0.166271  
1837 213 0.384168  
1837 654 0.245986  
1837 554 0.284736  
1837 1382 0.150937  
1837 1368 0.10112  
1837 1005 0.247681  
1837 671 0.308935  
1837 7 0.63532  
1837 1787 0.252178  
1837 359 0.452404  
1837 1547 0.225732  
1837 287 0.606099  
1837 28 0.595037  
1837 1293 0.4429  
1837 418 0.328616  
418 6097 0.186535  
418 358 0.208561  
418 1669 0.225741  
418 1092 0.161702  
418 442 0.142262  
418 157 0.262504  
418 1553 0.211192  
418 1361 0.260702  
418 1396 0.329284  
418 213 0.234667  
418 654 0.119418  
418 554 0.0529304  
418 1382 0.283382  
418 1368 0.290792  
418 1005 0.101219  
418 671 0.0533856  
418 7 0.333814  
418 1787 0.140123  
418 359 0.197659  
418 1547 0.115452  
418 287 0.299166  
418 28 0.287667  
418 1293 0.326007  
418 1837 0.232947  
;

