param o := 380 ;
param s := 5380 ;

set R := 583 518 87 1196 1764 1954 1087 1923 151 1250 1407 2137 1979 848 2159 1292 52 1632 2101 1780 2208 1992 2133 1719 ;
set M := 0 1 2 3 4 5 6 7 8 9 10 11 12 13 14 15 16 17 18 19 20 21 22 23 24 25 26 27 28 29 30 31 32 33 34 35 36 37 38 39 40 41 42 43 44 45 46 47 48 49 50 51 52 53 54 55 56 57 58 59 60 61 62 63 64 65 66 67 68 69 70 71 72 73 74 75 76 77 78 79 80 81 82 83 84 85 86 87 88 89 90 91 92 93 94 95 ;
param TTI := 
0 0
1 0.25
2 0.5
3 0.75
4 1
5 1.25
6 1.5
7 1.75
8 2
9 2.25
10 2.5
11 2.75
12 3
13 3.25
14 3.5
15 3.75
16 4
17 4.25
18 4.5
19 4.75
20 5
21 5.25
22 5.5
23 5.75
24 6
25 6.25
26 6.5
27 6.75
28 7
29 7.25
30 7.5
31 7.75
32 8
33 8.25
34 8.5
35 8.75
36 9
37 9.25
38 9.5
39 9.75
40 10
41 10.25
42 10.5
43 10.75
44 11
45 11.25
46 11.5
47 11.75
48 12
49 12.25
50 12.5
51 12.75
52 13
53 13.25
54 13.5
55 13.75
56 14
57 14.25
58 14.5
59 14.75
60 15
61 15.25
62 15.5
63 15.75
64 16
65 16.25
66 16.5
67 16.75
68 17
69 17.25
70 17.5
71 17.75
72 18
73 18.25
74 18.5
75 18.75
76 19
77 19.25
78 19.5
79 19.75
80 20
81 20.25
82 20.5
83 20.75
84 21
85 21.25
86 21.5
87 21.75
88 22
89 22.25
90 22.5
91 22.75
92 23
93 23.25
94 23.5
95 23.75
;

param TTF := 
0 0.25
1 0.5
2 0.75
3 1
4 1.25
5 1.5
6 1.75
7 2
8 2.25
9 2.5
10 2.75
11 3
12 3.25
13 3.5
14 3.75
15 4
16 4.25
17 4.5
18 4.75
19 5
20 5.25
21 5.5
22 5.75
23 6
24 6.25
25 6.5
26 6.75
27 7
28 7.25
29 7.5
30 7.75
31 8
32 8.25
33 8.5
34 8.75
35 9
36 9.25
37 9.5
38 9.75
39 10
40 10.25
41 10.5
42 10.75
43 11
44 11.25
45 11.5
46 11.75
47 12
48 12.25
49 12.5
50 12.75
51 13
52 13.25
53 13.5
54 13.75
55 14
56 14.25
57 14.5
58 14.75
59 15
60 15.25
61 15.5
62 15.75
63 16
64 16.25
65 16.5
66 16.75
67 17
68 17.25
69 17.5
70 17.75
71 18
72 18.25
73 18.5
74 18.75
75 19
76 19.25
77 19.5
78 19.75
79 20
80 20.25
81 20.5
82 20.75
83 21
84 21.25
85 21.5
86 21.75
87 22
88 22.25
89 22.5
90 22.75
91 23
92 23.25
93 23.5
94 23.75
95 24
;

param tf := 
380 0 0.1421  380 1 0.1274  380 2 0.1127  380 3 0.098  380 4 0.0686  380 5 0.049  380 6 0.0392  380 7 0.0441  380 8 0.0539  380 9 0.0588  380 10 0.0539  380 11 0.0343  380 12 0.0098  380 13 0  380 14 0.0049  380 15 0.0196  380 16 0.0539  380 17 0.0735  380 18 0.0882  380 19 0.0931  380 20 0.0833  380 21 0.0784  380 22 0.0784  380 23 0.0882  380 24 0.098  380 25 0.1078  380 26 0.1127  380 27 0.1127  380 28 0.1127  380 29 0.1176  380 30 0.1176  380 31 0.1274  380 32 0.1323  380 33 0.1323  380 34 0.1274  380 35 0.1176  380 36 0.098  380 37 0.0833  380 38 0.0784  380 39 0.0784  380 40 0.0833  380 41 0.0931  380 42 0.1029  380 43 0.1078  380 44 0.1225  380 45 0.1323  380 46 0.1421  380 47 0.1568  380 48 0.1666  380 49 0.1764  380 50 0.1764  380 51 0.1715  380 52 0.1568  380 53 0.147  380 54 0.1323  380 55 0.1274  380 56 0.1176  380 57 0.1078  380 58 0.098  380 59 0.0931  380 60 0.0833  380 61 0.0784  380 62 0.0784  380 63 0.0833  380 64 0.0882  380 65 0.0882  380 66 0.0784  380 67 0.0637  380 68 0.0343  380 69 0.0196  380 70 0.0147  380 71 0.0245  380 72 0.0441  380 73 0.0539  380 74 0.0637  380 75 0.0637  380 76 0.0588  380 77 0.0686  380 78 0.0833  380 79 0.1078  380 80 0.1421  380 81 0.1666  380 82 0.1862  380 83 0.1911  380 84 0.1862  380 85 0.1862  380 86 0.1862  380 87 0.1862  380 88 0.1862  380 89 0.1862  380 90 0.1764  380 91 0.1666  380 92 0.147  380 93 0.1372  380 94 0.1323  380 95 0.1323  
583 0 0.0558  583 1 0.0651  583 2 0.0744  583 3 0.0837  583 4 0.1116  583 5 0.1209  583 6 0.1209  583 7 0.1023  583 8 0.0837  583 9 0.0651  583 10 0.0744  583 11 0.093  583 12 0.1302  583 13 0.1581  583 14 0.1488  583 15 0.1302  583 16 0.093  583 17 0.0651  583 18 0.0558  583 19 0.0651  583 20 0.093  583 21 0.1116  583 22 0.1209  583 23 0.1209  583 24 0.1116  583 25 0.1209  583 26 0.1488  583 27 0.1953  583 28 0.2604  583 29 0.3069  583 30 0.3162  583 31 0.3069  583 32 0.2697  583 33 0.2604  583 34 0.2697  583 35 0.3069  583 36 0.372  583 37 0.3999  583 38 0.3906  583 39 0.3441  583 40 0.279  583 41 0.2325  583 42 0.2046  583 43 0.2046  583 44 0.2325  583 45 0.2418  583 46 0.2418  583 47 0.2232  583 48 0.186  583 49 0.1767  583 50 0.1767  583 51 0.186  583 52 0.2232  583 53 0.2232  583 54 0.2139  583 55 0.1581  583 56 0.093  583 57 0.0465  583 58 0.0093  583 59 0  583 60 0.0093  583 61 0.0186  583 62 0.0186  583 63 0.0186  583 64 0.0186  583 65 0.0279  583 66 0.0279  583 67 0.0279  583 68 0.0372  583 69 0.0465  583 70 0.0558  583 71 0.0558  583 72 0.0651  583 73 0.0744  583 74 0.0837  583 75 0.1023  583 76 0.1209  583 77 0.1395  583 78 0.1581  583 79 0.1674  583 80 0.186  583 81 0.1953  583 82 0.2232  583 83 0.2418  583 84 0.279  583 85 0.279  583 86 0.2511  583 87 0.1953  583 88 0.1116  583 89 0.0558  583 90 0.0279  583 91 0.0279  583 92 0.0558  583 93 0.0744  583 94 0.0837  583 95 0.0837  
518 0 0.0528  518 1 0.072  518 2 0.0864  518 3 0.1056  518 4 0.1344  518 5 0.1584  518 6 0.168  518 7 0.1632  518 8 0.1488  518 9 0.144  518 10 0.1536  518 11 0.1728  518 12 0.1968  518 13 0.2112  518 14 0.2064  518 15 0.1872  518 16 0.1488  518 17 0.1248  518 18 0.1104  518 19 0.1104  518 20 0.12  518 21 0.1248  518 22 0.1248  518 23 0.1152  518 24 0.1008  518 25 0.0912  518 26 0.0864  518 27 0.0864  518 28 0.0864  518 29 0.0816  518 30 0.0768  518 31 0.072  518 32 0.0624  518 33 0.0624  518 34 0.0672  518 35 0.0816  518 36 0.1008  518 37 0.1152  518 38 0.1248  518 39 0.1248  518 40 0.12  518 41 0.1104  518 42 0.1008  518 43 0.0912  518 44 0.0768  518 45 0.0624  518 46 0.0528  518 47 0.0336  518 48 0.024  518 49 0.0144  518 50 0.0144  518 51 0.0192  518 52 0.0336  518 53 0.048  518 54 0.0624  518 55 0.072  518 56 0.0816  518 57 0.0912  518 58 0.1008  518 59 0.1104  518 60 0.12  518 61 0.1248  518 62 0.1248  518 63 0.12  518 64 0.1104  518 65 0.1104  518 66 0.1248  518 67 0.144  518 68 0.1728  518 69 0.1872  518 70 0.192  518 71 0.1824  518 72 0.1632  518 73 0.1488  518 74 0.144  518 75 0.1392  518 76 0.144  518 77 0.1344  518 78 0.12  518 79 0.0912  518 80 0.0528  518 81 0.024  518 82 0.0048  518 83 0  518 84 0  518 85 0.0048  518 86 0.0048  518 87 0.0048  518 88 0.0048  518 89 0.0048  518 90 0.0144  518 91 0.0288  518 92 0.048  518 93 0.0576  518 94 0.0672  518 95 0.0672  
87 0 0.0432  87 1 0.0432  87 2 0.0408  87 3 0.0408  87 4 0.0384  87 5 0.0408  87 6 0.0432  87 7 0.048  87 8 0.0552  87 9 0.06  87 10 0.06  87 11 0.0528  87 12 0.0456  87 13 0.0384  87 14 0.036  87 15 0.0336  87 16 0.036  87 17 0.0384  87 18 0.0408  87 19 0.0432  87 20 0.0456  87 21 0.0504  87 22 0.0552  87 23 0.06  87 24 0.0672  87 25 0.072  87 26 0.072  87 27 0.072  87 28 0.0672  87 29 0.0648  87 30 0.0672  87 31 0.0672  87 32 0.072  87 33 0.0744  87 34 0.0744  87 35 0.0744  87 36 0.0696  87 37 0.0672  87 38 0.0672  87 39 0.0672  87 40 0.0672  87 41 0.0672  87 42 0.0672  87 43 0.0648  87 44 0.0648  87 45 0.0624  87 46 0.06  87 47 0.06  87 48 0.0576  87 49 0.0528  87 50 0.048  87 51 0.036  87 52 0.024  87 53 0.0168  87 54 0.0144  87 55 0.0168  87 56 0.024  87 57 0.0312  87 58 0.0336  87 59 0.036  87 60 0.036  87 61 0.0384  87 62 0.0408  87 63 0.0456  87 64 0.0528  87 65 0.0552  87 66 0.0528  87 67 0.0456  87 68 0.0336  87 69 0.0264  87 70 0.0216  87 71 0.0216  87 72 0.024  87 73 0.0264  87 74 0.0288  87 75 0.0312  87 76 0.0336  87 77 0.0384  87 78 0.0408  87 79 0.0408  87 80 0.0456  87 81 0.0432  87 82 0.036  87 83 0.0264  87 84 0.012  87 85 0.0024  87 86 0  87 87 0.0048  87 88 0.0144  87 89 0.0216  87 90 0.0264  87 91 0.0264  87 92 0.024  87 93 0.024  87 94 0.0264  87 95 0.0288  
1196 0 0.126  1196 1 0.175  1196 2 0.21  1196 3 0.252  1196 4 0.329  1196 5 0.378  1196 6 0.385  1196 7 0.357  1196 8 0.301  1196 9 0.266  1196 10 0.266  1196 11 0.301  1196 12 0.364  1196 13 0.399  1196 14 0.399  1196 15 0.364  1196 16 0.294  1196 17 0.252  1196 18 0.224  1196 19 0.224  1196 20 0.252  1196 21 0.252  1196 22 0.238  1196 23 0.196  1196 24 0.133  1196 25 0.098  1196 26 0.091  1196 27 0.112  1196 28 0.154  1196 29 0.182  1196 30 0.196  1196 31 0.189  1196 32 0.161  1196 33 0.147  1196 34 0.133  1196 35 0.119  1196 36 0.119  1196 37 0.105  1196 38 0.084  1196 39 0.056  1196 40 0.021  1196 41 0.007  1196 42 0  1196 43 0.014  1196 44 0.035  1196 45 0.063  1196 46 0.077  1196 47 0.098  1196 48 0.119  1196 49 0.154  1196 50 0.189  1196 51 0.245  1196 52 0.308  1196 53 0.336  1196 54 0.336  1196 55 0.308  1196 56 0.245  1196 57 0.21  1196 58 0.182  1196 59 0.175  1196 60 0.182  1196 61 0.189  1196 62 0.175  1196 63 0.161  1196 64 0.133  1196 65 0.112  1196 66 0.105  1196 67 0.105  1196 68 0.119  1196 69 0.119  1196 70 0.119  1196 71 0.105  1196 72 0.091  1196 73 0.077  1196 74 0.084  1196 75 0.098  1196 76 0.119  1196 77 0.126  1196 78 0.133  1196 79 0.133  1196 80 0.126  1196 81 0.126  1196 82 0.126  1196 83 0.147  1196 84 0.168  1196 85 0.189  1196 86 0.203  1196 87 0.21  1196 88 0.217  1196 89 0.224  1196 90 0.238  1196 91 0.252  1196 92 0.266  1196 93 0.273  1196 94 0.259  1196 95 0.231  
1764 0 0.0858  1764 1 0.0792  1764 2 0.0726  1764 3 0.0726  1764 4 0.0594  1764 5 0.0528  1764 6 0.0462  1764 7 0.0396  1764 8 0.0396  1764 9 0.033  1764 10 0.0264  1764 11 0.0132  1764 12 0.0066  1764 13 0  1764 14 0  1764 15 0.0066  1764 16 0.0198  1764 17 0.0198  1764 18 0.0198  1764 19 0.0132  1764 20 0.0066  1764 21 0  1764 22 0  1764 23 0.0132  1764 24 0.0264  1764 25 0.0396  1764 26 0.0462  1764 27 0.0528  1764 28 0.0528  1764 29 0.0528  1764 30 0.0528  1764 31 0.0594  1764 32 0.066  1764 33 0.066  1764 34 0.066  1764 35 0.0594  1764 36 0.0594  1764 37 0.0528  1764 38 0.0528  1764 39 0.0528  1764 40 0.0528  1764 41 0.0528  1764 42 0.0528  1764 43 0.0462  1764 44 0.033  1764 45 0.033  1764 46 0.0264  1764 47 0.0264  1764 48 0.033  1764 49 0.033  1764 50 0.0264  1764 51 0.0198  1764 52 0.0066  1764 53 0.0066  1764 54 0.0066  1764 55 0.0132  1764 56 0.0264  1764 57 0.0396  1764 58 0.0462  1764 59 0.0462  1764 60 0.0462  1764 61 0.0462  1764 62 0.0528  1764 63 0.0594  1764 64 0.066  1764 65 0.0726  1764 66 0.0792  1764 67 0.0792  1764 68 0.0792  1764 69 0.0792  1764 70 0.0792  1764 71 0.0792  1764 72 0.0792  1764 73 0.0792  1764 74 0.0792  1764 75 0.0726  1764 76 0.066  1764 77 0.0594  1764 78 0.0594  1764 79 0.0528  1764 80 0.0528  1764 81 0.0528  1764 82 0.0462  1764 83 0.0396  1764 84 0.0264  1764 85 0.0198  1764 86 0.0198  1764 87 0.0198  1764 88 0.033  1764 89 0.0396  1764 90 0.0462  1764 91 0.0528  1764 92 0.0528  1764 93 0.0594  1764 94 0.066  1764 95 0.0726  
1954 0 0.0124  1954 1 0.0155  1954 2 0.0186  1954 3 0.0217  1954 4 0.031  1954 5 0.0372  1954 6 0.0403  1954 7 0.0434  1954 8 0.0465  1954 9 0.0496  1954 10 0.0527  1954 11 0.0558  1954 12 0.0589  1954 13 0.062  1954 14 0.0651  1954 15 0.0651  1954 16 0.0651  1954 17 0.0682  1954 18 0.0744  1954 19 0.0837  1954 20 0.0961  1954 21 0.1023  1954 22 0.1054  1954 23 0.0992  1954 24 0.0899  1954 25 0.0837  1954 26 0.0806  1954 27 0.0837  1954 28 0.093  1954 29 0.0961  1954 30 0.0961  1954 31 0.0961  1954 32 0.0899  1954 33 0.0837  1954 34 0.0806  1954 35 0.0775  1954 36 0.0744  1954 37 0.0713  1954 38 0.0682  1954 39 0.062  1954 40 0.0527  1954 41 0.0465  1954 42 0.0434  1954 43 0.0403  1954 44 0.0403  1954 45 0.0403  1954 46 0.0372  1954 47 0.031  1954 48 0.0248  1954 49 0.0217  1954 50 0.0248  1954 51 0.0341  1954 52 0.0465  1954 53 0.0558  1954 54 0.062  1954 55 0.062  1954 56 0.0589  1954 57 0.0558  1954 58 0.0589  1954 59 0.062  1954 60 0.0682  1954 61 0.0744  1954 62 0.0744  1954 63 0.0713  1954 64 0.0651  1954 65 0.062  1954 66 0.0589  1954 67 0.0589  1954 68 0.0589  1954 69 0.0558  1954 70 0.0496  1954 71 0.0372  1954 72 0.0186  1954 73 0.0062  1954 74 0  1954 75 0  1954 76 0.0031  1954 77 0.0062  1954 78 0.0062  1954 79 0.0062  1954 80 0.0031  1954 81 0  1954 82 0  1954 83 0.0031  1954 84 0.0062  1954 85 0.0093  1954 86 0.0093  1954 87 0.0124  1954 88 0.0155  1954 89 0.0186  1954 90 0.0217  1954 91 0.0248  1954 92 0.031  1954 93 0.0341  1954 94 0.031  1954 95 0.0279  
1087 0 0.054  1087 1 0.054  1087 2 0.054  1087 3 0.054  1087 4 0.054  1087 5 0.054  1087 6 0.045  1087 7 0.045  1087 8 0.036  1087 9 0.036  1087 10 0.063  1087 11 0.09  1087 12 0.126  1087 13 0.162  1087 14 0.189  1087 15 0.207  1087 16 0.207  1087 17 0.234  1087 18 0.261  1087 19 0.306  1087 20 0.36  1087 21 0.387  1087 22 0.387  1087 23 0.36  1087 24 0.306  1087 25 0.27  1087 26 0.234  1087 27 0.234  1087 28 0.234  1087 29 0.234  1087 30 0.207  1087 31 0.18  1087 32 0.135  1087 33 0.108  1087 34 0.108  1087 35 0.126  1087 36 0.171  1087 37 0.198  1087 38 0.225  1087 39 0.234  1087 40 0.243  1087 41 0.252  1087 42 0.261  1087 43 0.27  1087 44 0.279  1087 45 0.27  1087 46 0.243  1087 47 0.207  1087 48 0.144  1087 49 0.108  1087 50 0.081  1087 51 0.063  1087 52 0.072  1087 53 0.072  1087 54 0.081  1087 55 0.081  1087 56 0.072  1087 57 0.081  1087 58 0.09  1087 59 0.099  1087 60 0.117  1087 61 0.135  1087 62 0.144  1087 63 0.144  1087 64 0.144  1087 65 0.153  1087 66 0.171  1087 67 0.198  1087 68 0.234  1087 69 0.252  1087 70 0.252  1087 71 0.243  1087 72 0.216  1087 73 0.207  1087 74 0.225  1087 75 0.27  1087 76 0.324  1087 77 0.36  1087 78 0.378  1087 79 0.36  1087 80 0.324  1087 81 0.297  1087 82 0.279  1087 83 0.27  1087 84 0.279  1087 85 0.261  1087 86 0.234  1087 87 0.171  1087 88 0.099  1087 89 0.045  1087 90 0.009  1087 91 0  1087 92 0.009  1087 93 0.018  1087 94 0.027  1087 95 0.027  
1923 0 0.1001  1923 1 0.0924  1923 2 0.0847  1923 3 0.077  1923 4 0.0616  1923 5 0.0462  1923 6 0.0385  1923 7 0.0462  1923 8 0.0539  1923 9 0.0539  1923 10 0.0616  1923 11 0.0693  1923 12 0.0693  1923 13 0.077  1923 14 0.077  1923 15 0.0847  1923 16 0.0847  1923 17 0.0924  1923 18 0.0847  1923 19 0.077  1923 20 0.0693  1923 21 0.0616  1923 22 0.0616  1923 23 0.0693  1923 24 0.077  1923 25 0.077  1923 26 0.0847  1923 27 0.077  1923 28 0.077  1923 29 0.0693  1923 30 0.077  1923 31 0.0847  1923 32 0.0924  1923 33 0.1078  1923 34 0.1078  1923 35 0.1078  1923 36 0.0924  1923 37 0.0924  1923 38 0.0847  1923 39 0.077  1923 40 0.077  1923 41 0.0693  1923 42 0.0616  1923 43 0.0462  1923 44 0.0308  1923 45 0.0154  1923 46 0.0154  1923 47 0.0231  1923 48 0.0462  1923 49 0.0462  1923 50 0.0462  1923 51 0.0385  1923 52 0.0154  1923 53 0.0077  1923 54 0  1923 55 0  1923 56 0.0154  1923 57 0.0231  1923 58 0.0231  1923 59 0.0231  1923 60 0.0154  1923 61 0.0154  1923 62 0.0154  1923 63 0.0231  1923 64 0.0308  1923 65 0.0385  1923 66 0.0462  1923 67 0.0462  1923 68 0.0385  1923 69 0.0385  1923 70 0.0462  1923 71 0.0616  1923 72 0.077  1923 73 0.0847  1923 74 0.0847  1923 75 0.0693  1923 76 0.0462  1923 77 0.0231  1923 78 0.0154  1923 79 0.0154  1923 80 0.0231  1923 81 0.0231  1923 82 0.0231  1923 83 0.0231  1923 84 0.0154  1923 85 0.0154  1923 86 0.0231  1923 87 0.0385  1923 88 0.0616  1923 89 0.0847  1923 90 0.0924  1923 91 0.1001  1923 92 0.0924  1923 93 0.0924  1923 94 0.0924  1923 95 0.0924  
151 0 0.128  151 1 0.16  151 2 0.184  151 3 0.208  151 4 0.264  151 5 0.296  151 6 0.304  151 7 0.288  151 8 0.248  151 9 0.232  151 10 0.232  151 11 0.256  151 12 0.304  151 13 0.328  151 14 0.328  151 15 0.304  151 16 0.256  151 17 0.232  151 18 0.232  151 19 0.256  151 20 0.296  151 21 0.32  151 22 0.328  151 23 0.312  151 24 0.28  151 25 0.256  151 26 0.232  151 27 0.224  151 28 0.224  151 29 0.2  151 30 0.168  151 31 0.112  151 32 0.048  151 33 0.008  151 34 0  151 35 0.016  151 36 0.072  151 37 0.112  151 38 0.152  151 39 0.184  151 40 0.216  151 41 0.248  151 42 0.296  151 43 0.344  151 44 0.4  151 45 0.432  151 46 0.424  151 47 0.384  151 48 0.312  151 49 0.264  151 50 0.248  151 51 0.256  151 52 0.304  151 53 0.328  151 54 0.336  151 55 0.328  151 56 0.304  151 57 0.288  151 58 0.288  151 59 0.288  151 60 0.312  151 61 0.328  151 62 0.336  151 63 0.344  151 64 0.36  151 65 0.376  151 66 0.4  151 67 0.424  151 68 0.464  151 69 0.472  151 70 0.448  151 71 0.4  151 72 0.328  151 73 0.28  151 74 0.256  151 75 0.264  151 76 0.304  151 77 0.32  151 78 0.328  151 79 0.312  151 80 0.288  151 81 0.28  151 82 0.272  151 83 0.28  151 84 0.288  151 85 0.288  151 86 0.256  151 87 0.208  151 88 0.144  151 89 0.104  151 90 0.08  151 91 0.08  151 92 0.096  151 93 0.12  151 94 0.128  151 95 0.128  
1250 0 0.0546  1250 1 0.0468  1250 2 0.0468  1250 3 0.039  1250 4 0.0312  1250 5 0.039  1250 6 0.0624  1250 7 0.0936  1250 8 0.1482  1250 9 0.1872  1250 10 0.195  1250 11 0.1872  1250 12 0.1638  1250 13 0.1482  1250 14 0.1326  1250 15 0.1326  1250 16 0.1404  1250 17 0.1326  1250 18 0.1248  1250 19 0.1092  1250 20 0.0858  1250 21 0.078  1250 22 0.0858  1250 23 0.117  1250 24 0.156  1250 25 0.1794  1250 26 0.1716  1250 27 0.1404  1250 28 0.0858  1250 29 0.0468  1250 30 0.0234  1250 31 0.0234  1250 32 0.0312  1250 33 0.0468  1250 34 0.0624  1250 35 0.078  1250 36 0.1014  1250 37 0.1248  1250 38 0.156  1250 39 0.195  1250 40 0.2262  1250 41 0.2496  1250 42 0.2574  1250 43 0.2418  1250 44 0.2106  1250 45 0.195  1250 46 0.1794  1250 47 0.1794  1250 48 0.195  1250 49 0.1872  1250 50 0.156  1250 51 0.117  1250 52 0.0546  1250 53 0.0156  1250 54 0  1250 55 0.0078  1250 56 0.0312  1250 57 0.0468  1250 58 0.0468  1250 59 0.039  1250 60 0.0078  1250 61 0.0078  1250 62 0.0312  1250 63 0.0702  1250 64 0.1404  1250 65 0.1872  1250 66 0.2028  1250 67 0.2106  1250 68 0.1872  1250 69 0.1716  1250 70 0.1638  1250 71 0.156  1250 72 0.1482  1250 73 0.1404  1250 74 0.117  1250 75 0.078  1250 76 0.039  1250 77 0.0156  1250 78 0.0156  1250 79 0.0312  1250 80 0.0702  1250 81 0.1014  1250 82 0.1092  1250 83 0.1014  1250 84 0.0858  1250 85 0.078  1250 86 0.0936  1250 87 0.1326  1250 88 0.1872  1250 89 0.2106  1250 90 0.2028  1250 91 0.1794  1250 92 0.117  1250 93 0.078  1250 94 0.0546  1250 95 0.0468  
1407 0 0  1407 1 0.0364  1407 2 0.0637  1407 3 0.1001  1407 4 0.1638  1407 5 0.2093  1407 6 0.2457  1407 7 0.2639  1407 8 0.2639  1407 9 0.2912  1407 10 0.3276  1407 11 0.3913  1407 12 0.4641  1407 13 0.5005  1407 14 0.4823  1407 15 0.4277  1407 16 0.3276  1407 17 0.2639  1407 18 0.2366  1407 19 0.2366  1407 20 0.2821  1407 21 0.3094  1407 22 0.3185  1407 23 0.3094  1407 24 0.2821  1407 25 0.2639  1407 26 0.2639  1407 27 0.2821  1407 28 0.3094  1407 29 0.3185  1407 30 0.3003  1407 31 0.2639  1407 32 0.2093  1407 33 0.1729  1407 34 0.1638  1407 35 0.182  1407 36 0.2275  1407 37 0.2366  1407 38 0.2366  1407 39 0.2093  1407 40 0.1547  1407 41 0.1456  1407 42 0.1729  1407 43 0.2548  1407 44 0.3731  1407 45 0.4459  1407 46 0.4732  1407 47 0.4732  1407 48 0.4186  1407 49 0.3731  1407 50 0.3367  1407 51 0.3094  1407 52 0.2821  1407 53 0.2457  1407 54 0.2093  1407 55 0.1547  1407 56 0.1092  1407 57 0.0728  1407 58 0.0728  1407 59 0.0819  1407 60 0.1183  1407 61 0.1274  1407 62 0.1365  1407 63 0.1274  1407 64 0.1092  1407 65 0.1183  1407 66 0.1547  1407 67 0.2184  1407 68 0.3094  1407 69 0.3822  1407 70 0.4186  1407 71 0.4368  1407 72 0.4186  1407 73 0.4277  1407 74 0.4459  1407 75 0.4732  1407 76 0.5278  1407 77 0.546  1407 78 0.5278  1407 79 0.4732  1407 80 0.3913  1407 81 0.3367  1407 82 0.3185  1407 83 0.3367  1407 84 0.3822  1407 85 0.4004  1407 86 0.3731  1407 87 0.3094  1407 88 0.2184  1407 89 0.1547  1407 90 0.1183  1407 91 0.1183  1407 92 0.1456  1407 93 0.1547  1407 94 0.1456  1407 95 0.1183  
2137 0 0.253  2137 1 0.2484  2137 2 0.2392  2137 3 0.23  2137 4 0.2116  2137 5 0.1932  2137 6 0.1794  2137 7 0.161  2137 8 0.1472  2137 9 0.1334  2137 10 0.1196  2137 11 0.1104  2137 12 0.1012  2137 13 0.1058  2137 14 0.1196  2137 15 0.1472  2137 16 0.184  2137 17 0.207  2137 18 0.2162  2137 19 0.2116  2137 20 0.1886  2137 21 0.1748  2137 22 0.1656  2137 23 0.161  2137 24 0.1656  2137 25 0.1564  2137 26 0.1334  2137 27 0.092  2137 28 0.0414  2137 29 0.0092  2137 30 0  2137 31 0.0092  2137 32 0.0368  2137 33 0.0552  2137 34 0.0598  2137 35 0.0506  2137 36 0.0276  2137 37 0.0184  2137 38 0.0276  2137 39 0.0414  2137 40 0.0782  2137 41 0.0874  2137 42 0.0874  2137 43 0.0736  2137 44 0.0368  2137 45 0.0184  2137 46 0.0184  2137 47 0.0368  2137 48 0.069  2137 49 0.092  2137 50 0.1012  2137 51 0.092  2137 52 0.0782  2137 53 0.0782  2137 54 0.0874  2137 55 0.115  2137 56 0.1518  2137 57 0.1748  2137 58 0.184  2137 59 0.1748  2137 60 0.1518  2137 61 0.138  2137 62 0.138  2137 63 0.1426  2137 64 0.1564  2137 65 0.1702  2137 66 0.1702  2137 67 0.161  2137 68 0.1472  2137 69 0.1426  2137 70 0.1472  2137 71 0.1518  2137 72 0.1702  2137 73 0.184  2137 74 0.1932  2137 75 0.1932  2137 76 0.1932  2137 77 0.1932  2137 78 0.1932  2137 79 0.1978  2137 80 0.207  2137 81 0.2116  2137 82 0.2116  2137 83 0.207  2137 84 0.1978  2137 85 0.1886  2137 86 0.184  2137 87 0.1794  2137 88 0.1748  2137 89 0.1702  2137 90 0.161  2137 91 0.1518  2137 92 0.138  2137 93 0.138  2137 94 0.1518  2137 95 0.1748  
1979 0 0.0816  1979 1 0.0765  1979 2 0.0765  1979 3 0.0714  1979 4 0.0663  1979 5 0.0612  1979 6 0.0612  1979 7 0.0561  1979 8 0.0561  1979 9 0.051  1979 10 0.051  1979 11 0.0459  1979 12 0.0357  1979 13 0.0357  1979 14 0.0357  1979 15 0.0459  1979 16 0.0561  1979 17 0.0612  1979 18 0.0612  1979 19 0.051  1979 20 0.0357  1979 21 0.0306  1979 22 0.0255  1979 23 0.0306  1979 24 0.0408  1979 25 0.051  1979 26 0.0561  1979 27 0.0663  1979 28 0.0714  1979 29 0.0765  1979 30 0.0816  1979 31 0.0918  1979 32 0.0969  1979 33 0.102  1979 34 0.0969  1979 35 0.0918  1979 36 0.0816  1979 37 0.0714  1979 38 0.0612  1979 39 0.0561  1979 40 0.051  1979 41 0.051  1979 42 0.0459  1979 43 0.0408  1979 44 0.0357  1979 45 0.0357  1979 46 0.0408  1979 47 0.051  1979 48 0.0612  1979 49 0.0765  1979 50 0.0816  1979 51 0.0867  1979 52 0.0867  1979 53 0.0867  1979 54 0.0867  1979 55 0.0918  1979 56 0.0969  1979 57 0.0969  1979 58 0.0969  1979 59 0.0918  1979 60 0.0867  1979 61 0.0816  1979 62 0.0714  1979 63 0.0663  1979 64 0.0612  1979 65 0.0561  1979 66 0.051  1979 67 0.0408  1979 68 0.0306  1979 69 0.0255  1979 70 0.0204  1979 71 0.0153  1979 72 0.0153  1979 73 0.0153  1979 74 0.0204  1979 75 0.0255  1979 76 0.0306  1979 77 0.0408  1979 78 0.051  1979 79 0.0612  1979 80 0.0765  1979 81 0.0816  1979 82 0.0816  1979 83 0.0765  1979 84 0.0612  1979 85 0.051  1979 86 0.0408  1979 87 0.0255  1979 88 0.0204  1979 89 0.0102  1979 90 0.0051  1979 91 0  1979 92 0  1979 93 0.0051  1979 94 0.0153  1979 95 0.0306  
848 0 0.0741  848 1 0.0702  848 2 0.0663  848 3 0.0624  848 4 0.0546  848 5 0.0468  848 6 0.0351  848 7 0.0234  848 8 0.0078  848 9 0  848 10 0.0039  848 11 0.0117  848 12 0.0273  848 13 0.0351  848 14 0.0429  848 15 0.0468  848 16 0.0429  848 17 0.039  848 18 0.039  848 19 0.039  848 20 0.0429  848 21 0.0429  848 22 0.0429  848 23 0.0429  848 24 0.0429  848 25 0.0429  848 26 0.039  848 27 0.0351  848 28 0.0312  848 29 0.0234  848 30 0.0156  848 31 0.0117  848 32 0  848 33 0  848 34 0.0039  848 35 0.0195  848 36 0.039  848 37 0.0585  848 38 0.0741  848 39 0.0858  848 40 0.0936  848 41 0.1092  848 42 0.1248  848 43 0.1404  848 44 0.1638  848 45 0.1716  848 46 0.1716  848 47 0.1521  848 48 0.1248  848 49 0.1014  848 50 0.0936  848 51 0.0897  848 52 0.0936  848 53 0.0975  848 54 0.1014  848 55 0.1014  848 56 0.1014  848 57 0.1053  848 58 0.1053  848 59 0.1092  848 60 0.1092  848 61 0.1092  848 62 0.0975  848 63 0.078  848 64 0.0507  848 65 0.039  848 66 0.0351  848 67 0.0468  848 68 0.0702  848 69 0.0858  848 70 0.0936  848 71 0.0897  848 72 0.0819  848 73 0.078  848 74 0.078  848 75 0.0858  848 76 0.0975  848 77 0.1014  848 78 0.1014  848 79 0.0936  848 80 0.078  848 81 0.0663  848 82 0.0624  848 83 0.0585  848 84 0.0585  848 85 0.0585  848 86 0.0546  848 87 0.0507  848 88 0.0468  848 89 0.0468  848 90 0.0468  848 91 0.0468  848 92 0.0546  848 93 0.0624  848 94 0.0624  848 95 0.0663  
2159 0 0.1118  2159 1 0.1032  2159 2 0.0946  2159 3 0.0946  2159 4 0.0774  2159 5 0.086  2159 6 0.1204  2159 7 0.1634  2159 8 0.2322  2159 9 0.2838  2159 10 0.3096  2159 11 0.3182  2159 12 0.3096  2159 13 0.2924  2159 14 0.2838  2159 15 0.2838  2159 16 0.2838  2159 17 0.2752  2159 18 0.2752  2159 19 0.2752  2159 20 0.2752  2159 21 0.2752  2159 22 0.2752  2159 23 0.2838  2159 24 0.2924  2159 25 0.2924  2159 26 0.2838  2159 27 0.2752  2159 28 0.2494  2159 29 0.2322  2159 30 0.2322  2159 31 0.2408  2159 32 0.258  2159 33 0.258  2159 34 0.2494  2159 35 0.2322  2159 36 0.2064  2159 37 0.1892  2159 38 0.1806  2159 39 0.1806  2159 40 0.1806  2159 41 0.1806  2159 42 0.1634  2159 43 0.129  2159 44 0.086  2159 45 0.0602  2159 46 0.0688  2159 47 0.0946  2159 48 0.1462  2159 49 0.1806  2159 50 0.1978  2159 51 0.1978  2159 52 0.1806  2159 53 0.172  2159 54 0.1806  2159 55 0.1978  2159 56 0.2236  2159 57 0.2494  2159 58 0.258  2159 59 0.2494  2159 60 0.2322  2159 61 0.2236  2159 62 0.2322  2159 63 0.2494  2159 64 0.2752  2159 65 0.2924  2159 66 0.2924  2159 67 0.2924  2159 68 0.2752  2159 69 0.2752  2159 70 0.2838  2159 71 0.2924  2159 72 0.3182  2159 73 0.3354  2159 74 0.3268  2159 75 0.3096  2159 76 0.2838  2159 77 0.258  2159 78 0.2494  2159 79 0.2494  2159 80 0.2666  2159 81 0.2752  2159 82 0.2838  2159 83 0.2838  2159 84 0.2752  2159 85 0.2752  2159 86 0.2666  2159 87 0.2666  2159 88 0.2666  2159 89 0.2408  2159 90 0.2064  2159 91 0.1462  2159 92 0.0688  2159 93 0.0172  2159 94 0  2159 95 0.0086  
1292 0 0.0324  1292 1 0.0312  1292 2 0.0312  1292 3 0.03  1292 4 0.0288  1292 5 0.0288  1292 6 0.0312  1292 7 0.0348  1292 8 0.0408  1292 9 0.0432  1292 10 0.0432  1292 11 0.0396  1292 12 0.0336  1292 13 0.0288  1292 14 0.0264  1292 15 0.0252  1292 16 0.0264  1292 17 0.0276  1292 18 0.0288  1292 19 0.0312  1292 20 0.0336  1292 21 0.036  1292 22 0.0408  1292 23 0.0444  1292 24 0.0492  1292 25 0.0528  1292 26 0.054  1292 27 0.0528  1292 28 0.0504  1292 29 0.048  1292 30 0.0492  1292 31 0.0504  1292 32 0.054  1292 33 0.054  1292 34 0.0552  1292 35 0.054  1292 36 0.0516  1292 37 0.0504  1292 38 0.0492  1292 39 0.0492  1292 40 0.0492  1292 41 0.0504  1292 42 0.0492  1292 43 0.048  1292 44 0.0468  1292 45 0.0456  1292 46 0.0444  1292 47 0.0432  1292 48 0.042  1292 49 0.0396  1292 50 0.0348  1292 51 0.0264  1292 52 0.018  1292 53 0.012  1292 54 0.0108  1292 55 0.0132  1292 56 0.018  1292 57 0.0228  1292 58 0.0252  1292 59 0.0264  1292 60 0.0264  1292 61 0.0276  1292 62 0.03  1292 63 0.0336  1292 64 0.0396  1292 65 0.0408  1292 66 0.0396  1292 67 0.0336  1292 68 0.0252  1292 69 0.0192  1292 70 0.0156  1292 71 0.0156  1292 72 0.018  1292 73 0.0204  1292 74 0.0216  1292 75 0.024  1292 76 0.0252  1292 77 0.0276  1292 78 0.0288  1292 79 0.0312  1292 80 0.0336  1292 81 0.0312  1292 82 0.0264  1292 83 0.0192  1292 84 0.0084  1292 85 0.0012  1292 86 0  1292 87 0.0036  1292 88 0.0108  1292 89 0.0156  1292 90 0.0192  1292 91 0.0192  1292 92 0.018  1292 93 0.0168  1292 94 0.0192  1292 95 0.0216  
52 0 0.231  52 1 0.2508  52 2 0.264  52 3 0.2838  52 4 0.3168  52 5 0.33  52 6 0.33  52 7 0.3036  52 8 0.264  52 9 0.2376  52 10 0.2178  52 11 0.2046  52 12 0.2046  52 13 0.1848  52 14 0.165  52 15 0.1254  52 16 0.0726  52 17 0.0462  52 18 0.0462  52 19 0.0594  52 20 0.099  52 21 0.1254  52 22 0.1452  52 23 0.1518  52 24 0.1386  52 25 0.1518  52 26 0.1782  52 27 0.231  52 28 0.297  52 29 0.3366  52 30 0.3366  52 31 0.3102  52 32 0.2442  52 33 0.2046  52 34 0.1782  52 35 0.1782  52 36 0.1914  52 37 0.1914  52 38 0.165  52 39 0.1188  52 40 0.0528  52 41 0.0132  52 42 0  52 43 0.0132  52 44 0.0462  52 45 0.0726  52 46 0.0924  52 47 0.1056  52 48 0.1122  52 49 0.1122  52 50 0.1188  52 51 0.132  52 52 0.1386  52 53 0.1386  52 54 0.1188  52 55 0.0924  52 56 0.0528  52 57 0.033  52 58 0.033  52 59 0.0528  52 60 0.0858  52 61 0.1122  52 62 0.132  52 63 0.1518  52 64 0.1584  52 65 0.1584  52 66 0.1584  52 67 0.1584  52 68 0.1584  52 69 0.1452  52 70 0.1254  52 71 0.1056  52 72 0.0792  52 73 0.0726  52 74 0.0858  52 75 0.1254  52 76 0.1848  52 77 0.2244  52 78 0.231  52 79 0.2244  52 80 0.1848  52 81 0.165  52 82 0.1518  52 83 0.1584  52 84 0.1716  52 85 0.1782  52 86 0.1848  52 87 0.1782  52 88 0.1716  52 89 0.1716  52 90 0.1848  52 91 0.2046  52 92 0.231  52 93 0.2574  52 94 0.264  52 95 0.264  
1632 0 0.0015  1632 1 0.0018  1632 2 0.0021  1632 3 0.0024  1632 4 0.003  1632 5 0.0033  1632 6 0.0034  1632 7 0.0032  1632 8 0.0028  1632 9 0.0026  1632 10 0.0026  1632 11 0.0029  1632 12 0.0034  1632 13 0.0037  1632 14 0.0037  1632 15 0.0034  1632 16 0.0029  1632 17 0.0026  1632 18 0.0026  1632 19 0.0029  1632 20 0.0033  1632 21 0.0036  1632 22 0.0036  1632 23 0.0035  1632 24 0.0031  1632 25 0.0029  1632 26 0.0026  1632 27 0.0025  1632 28 0.0025  1632 29 0.0023  1632 30 0.0018  1632 31 0.0013  1632 32 0.0005  1632 33 0.0001  1632 34 0  1632 35 0.0002  1632 36 0.0008  1632 37 0.0013  1632 38 0.0017  1632 39 0.0021  1632 40 0.0024  1632 41 0.0028  1632 42 0.0033  1632 43 0.0039  1632 44 0.0045  1632 45 0.0049  1632 46 0.0048  1632 47 0.0043  1632 48 0.0035  1632 49 0.003  1632 50 0.0027  1632 51 0.0029  1632 52 0.0034  1632 53 0.0036  1632 54 0.0037  1632 55 0.0036  1632 56 0.0034  1632 57 0.0033  1632 58 0.0032  1632 59 0.0033  1632 60 0.0035  1632 61 0.0036  1632 62 0.0038  1632 63 0.0039  1632 64 0.004  1632 65 0.0042  1632 66 0.0045  1632 67 0.0048  1632 68 0.0052  1632 69 0.0053  1632 70 0.0051  1632 71 0.0045  1632 72 0.0037  1632 73 0.0032  1632 74 0.0029  1632 75 0.003  1632 76 0.0034  1632 77 0.0036  1632 78 0.0036  1632 79 0.0035  1632 80 0.0033  1632 81 0.0031  1632 82 0.0031  1632 83 0.0031  1632 84 0.0033  1632 85 0.0032  1632 86 0.0029  1632 87 0.0024  1632 88 0.0016  1632 89 0.0012  1632 90 0.0009  1632 91 0.0009  1632 92 0.0011  1632 93 0.0013  1632 94 0.0014  1632 95 0.0015  
2101 0 0.0012  2101 1 0.0036  2101 2 0.006  2101 3 0.0084  2101 4 0.0132  2101 5 0.0162  2101 6 0.018  2101 7 0.0174  2101 8 0.015  2101 9 0.0132  2101 10 0.012  2101 11 0.0108  2101 12 0.0096  2101 13 0.0084  2101 14 0.0072  2101 15 0.006  2101 16 0.0048  2101 17 0.0048  2101 18 0.0054  2101 19 0.0072  2101 20 0.0102  2101 21 0.0114  2101 22 0.012  2101 23 0.0108  2101 24 0.0084  2101 25 0.0072  2101 26 0.0066  2101 27 0.0072  2101 28 0.009  2101 29 0.0096  2101 30 0.009  2101 31 0.0066  2101 32 0.003  2101 33 0.0006  2101 34 0  2101 35 0.0006  2101 36 0.003  2101 37 0.0048  2101 38 0.006  2101 39 0.0072  2101 40 0.0078  2101 41 0.0096  2101 42 0.012  2101 43 0.0162  2101 44 0.0216  2101 45 0.024  2101 46 0.0246  2101 47 0.0222  2101 48 0.0174  2101 49 0.0156  2101 50 0.0156  2101 51 0.0186  2101 52 0.0246  2101 53 0.0282  2101 54 0.0294  2101 55 0.0282  2101 56 0.0252  2101 57 0.0234  2101 58 0.0228  2101 59 0.0228  2101 60 0.0246  2101 61 0.0252  2101 62 0.024  2101 63 0.0228  2101 64 0.0198  2101 65 0.018  2101 66 0.0174  2101 67 0.0174  2101 68 0.0186  2101 69 0.018  2101 70 0.0162  2101 71 0.0126  2101 72 0.0072  2101 73 0.0048  2101 74 0.006  2101 75 0.0102  2101 76 0.0174  2101 77 0.0222  2101 78 0.0252  2101 79 0.0258  2101 80 0.0234  2101 81 0.0222  2101 82 0.0222  2101 83 0.0234  2101 84 0.0252  2101 85 0.0252  2101 86 0.0222  2101 87 0.018  2101 88 0.0114  2101 89 0.0066  2101 90 0.0036  2101 91 0.0024  2101 92 0.003  2101 93 0.0036  2101 94 0.003  2101 95 0.003  
1780 0 0.0287  1780 1 0.0369  1780 2 0.0451  1780 3 0.0533  1780 4 0.0697  1780 5 0.0779  1780 6 0.082  1780 7 0.0738  1780 8 0.0615  1780 9 0.0574  1780 10 0.0574  1780 11 0.0656  1780 12 0.0779  1780 13 0.0861  1780 14 0.0861  1780 15 0.0779  1780 16 0.0615  1780 17 0.0533  1780 18 0.0492  1780 19 0.0492  1780 20 0.0533  1780 21 0.0533  1780 22 0.0492  1780 23 0.041  1780 24 0.0287  1780 25 0.0205  1780 26 0.0205  1780 27 0.0246  1780 28 0.0328  1780 29 0.0369  1780 30 0.041  1780 31 0.041  1780 32 0.0328  1780 33 0.0287  1780 34 0.0287  1780 35 0.0246  1780 36 0.0246  1780 37 0.0205  1780 38 0.0164  1780 39 0.0123  1780 40 0.0041  1780 41 0  1780 42 0  1780 43 0.0041  1780 44 0.0082  1780 45 0.0123  1780 46 0.0164  1780 47 0.0205  1780 48 0.0246  1780 49 0.0328  1780 50 0.041  1780 51 0.0533  1780 52 0.0656  1780 53 0.0697  1780 54 0.0697  1780 55 0.0656  1780 56 0.0533  1780 57 0.0451  1780 58 0.0369  1780 59 0.0369  1780 60 0.0369  1780 61 0.041  1780 62 0.0369  1780 63 0.0328  1780 64 0.0287  1780 65 0.0246  1780 66 0.0205  1780 67 0.0205  1780 68 0.0246  1780 69 0.0246  1780 70 0.0246  1780 71 0.0246  1780 72 0.0205  1780 73 0.0164  1780 74 0.0164  1780 75 0.0205  1780 76 0.0246  1780 77 0.0287  1780 78 0.0287  1780 79 0.0287  1780 80 0.0246  1780 81 0.0246  1780 82 0.0287  1780 83 0.0287  1780 84 0.0369  1780 85 0.041  1780 86 0.041  1780 87 0.0451  1780 88 0.0451  1780 89 0.0451  1780 90 0.0492  1780 91 0.0533  1780 92 0.0574  1780 93 0.0574  1780 94 0.0533  1780 95 0.0492  
2208 0 0.2496  2208 1 0.2496  2208 2 0.2496  2208 3 0.2496  2208 4 0.2496  2208 5 0.2496  2208 6 0.2688  2208 7 0.2784  2208 8 0.2976  2208 9 0.3072  2208 10 0.3168  2208 11 0.3168  2208 12 0.3072  2208 13 0.3072  2208 14 0.3264  2208 15 0.3456  2208 16 0.384  2208 17 0.384  2208 18 0.3744  2208 19 0.3456  2208 20 0.2784  2208 21 0.24  2208 22 0.2304  2208 23 0.2304  2208 24 0.2496  2208 25 0.2784  2208 26 0.2976  2208 27 0.3168  2208 28 0.336  2208 29 0.3552  2208 30 0.3744  2208 31 0.3936  2208 32 0.4224  2208 33 0.432  2208 34 0.4224  2208 35 0.3936  2208 36 0.3456  2208 37 0.3168  2208 38 0.3072  2208 39 0.3072  2208 40 0.3168  2208 41 0.3168  2208 42 0.3168  2208 43 0.3072  2208 44 0.288  2208 45 0.2784  2208 46 0.2688  2208 47 0.2688  2208 48 0.2784  2208 49 0.2592  2208 50 0.2208  2208 51 0.1536  2208 52 0.0672  2208 53 0.0192  2208 54 0  2208 55 0.0192  2208 56 0.0672  2208 57 0.1056  2208 58 0.1344  2208 59 0.1536  2208 60 0.1632  2208 61 0.1824  2208 62 0.2304  2208 63 0.2784  2208 64 0.3456  2208 65 0.3936  2208 66 0.4224  2208 67 0.4128  2208 68 0.384  2208 69 0.3648  2208 70 0.3552  2208 71 0.3648  2208 72 0.3744  2208 73 0.3744  2208 74 0.3552  2208 75 0.3264  2208 76 0.2784  2208 77 0.2304  2208 78 0.192  2208 79 0.1536  2208 80 0.1152  2208 81 0.096  2208 82 0.0768  2208 83 0.0768  2208 84 0.0864  2208 85 0.1056  2208 86 0.1248  2208 87 0.1536  2208 88 0.192  2208 89 0.2112  2208 90 0.2112  2208 91 0.192  2208 92 0.1632  2208 93 0.144  2208 94 0.144  2208 95 0.1632  
1992 0 0.1209  1992 1 0.1674  1992 2 0.2046  1992 3 0.2418  1992 4 0.3255  1992 5 0.372  1992 6 0.372  1992 7 0.3441  1992 8 0.2883  1992 9 0.2604  1992 10 0.2604  1992 11 0.2976  1992 12 0.3534  1992 13 0.3906  1992 14 0.3906  1992 15 0.3534  1992 16 0.2883  1992 17 0.2418  1992 18 0.2232  1992 19 0.2232  1992 20 0.2418  1992 21 0.2418  1992 22 0.2325  1992 23 0.186  1992 24 0.1302  1992 25 0.093  1992 26 0.093  1992 27 0.1116  1992 28 0.1488  1992 29 0.1767  1992 30 0.186  1992 31 0.186  1992 32 0.1581  1992 33 0.1395  1992 34 0.1302  1992 35 0.1116  1992 36 0.1116  1992 37 0.1023  1992 38 0.0837  1992 39 0.0558  1992 40 0.0186  1992 41 0  1992 42 0  1992 43 0.0093  1992 44 0.0372  1992 45 0.0558  1992 46 0.0744  1992 47 0.093  1992 48 0.1116  1992 49 0.1488  1992 50 0.186  1992 51 0.2325  1992 52 0.2976  1992 53 0.3255  1992 54 0.3255  1992 55 0.2976  1992 56 0.2418  1992 57 0.2046  1992 58 0.1767  1992 59 0.1674  1992 60 0.1767  1992 61 0.186  1992 62 0.1674  1992 63 0.1581  1992 64 0.1302  1992 65 0.1116  1992 66 0.1023  1992 67 0.1023  1992 68 0.1116  1992 69 0.1116  1992 70 0.1116  1992 71 0.1023  1992 72 0.0837  1992 73 0.0744  1992 74 0.0837  1992 75 0.093  1992 76 0.1116  1992 77 0.1209  1992 78 0.1302  1992 79 0.1302  1992 80 0.1209  1992 81 0.1209  1992 82 0.1209  1992 83 0.1395  1992 84 0.1581  1992 85 0.186  1992 86 0.1953  1992 87 0.2046  1992 88 0.2046  1992 89 0.2139  1992 90 0.2325  1992 91 0.2418  1992 92 0.2604  1992 93 0.2604  1992 94 0.2511  1992 95 0.2232  
2133 0 0.1428  2133 1 0.1326  2133 2 0.1224  2133 3 0.1122  2133 4 0.0867  2133 5 0.0765  2133 6 0.0714  2133 7 0.0765  2133 8 0.0918  2133 9 0.102  2133 10 0.102  2133 11 0.0918  2133 12 0.0714  2133 13 0.0612  2133 14 0.0612  2133 15 0.0714  2133 16 0.0918  2133 17 0.102  2133 18 0.102  2133 19 0.0918  2133 20 0.0765  2133 21 0.0663  2133 22 0.0612  2133 23 0.0663  2133 24 0.0816  2133 25 0.0918  2133 26 0.102  2133 27 0.1071  2133 28 0.1071  2133 29 0.1122  2133 30 0.1275  2133 31 0.153  2133 32 0.1785  2133 33 0.1938  2133 34 0.1989  2133 35 0.1938  2133 36 0.1683  2133 37 0.153  2133 38 0.1326  2133 39 0.1224  2133 40 0.1071  2133 41 0.0918  2133 42 0.0765  2133 43 0.051  2133 44 0.0255  2133 45 0.0153  2133 46 0.0204  2133 47 0.0357  2133 48 0.0663  2133 49 0.0867  2133 50 0.0969  2133 51 0.0918  2133 52 0.0714  2133 53 0.0612  2133 54 0.0561  2133 55 0.0612  2133 56 0.0714  2133 57 0.0765  2133 58 0.0765  2133 59 0.0765  2133 60 0.0663  2133 61 0.0612  2133 62 0.0561  2133 63 0.051  2133 64 0.0459  2133 65 0.0408  2133 66 0.0306  2133 67 0.0204  2133 68 0.0051  2133 69 0  2133 70 0.0102  2133 71 0.0255  2133 72 0.0612  2133 73 0.0816  2133 74 0.0918  2133 75 0.0867  2133 76 0.0714  2133 77 0.0663  2133 78 0.0612  2133 79 0.0663  2133 80 0.0765  2133 81 0.0816  2133 82 0.0816  2133 83 0.0816  2133 84 0.0765  2133 85 0.0765  2133 86 0.0918  2133 87 0.1122  2133 88 0.1377  2133 89 0.1581  2133 90 0.1683  2133 91 0.1683  2133 92 0.1581  2133 93 0.1479  2133 94 0.1479  2133 95 0.1428  
1719 0 0.1131  1719 1 0.0957  1719 2 0.0783  1719 3 0.0609  1719 4 0.0261  1719 5 0.0087  1719 6 0.0087  1719 7 0.0348  1719 8 0.0783  1719 9 0.1131  1719 10 0.1305  1719 11 0.1479  1719 12 0.1479  1719 13 0.1653  1719 14 0.1914  1719 15 0.2349  1719 16 0.2871  1719 17 0.3132  1719 18 0.3219  1719 19 0.3045  1719 20 0.261  1719 21 0.2262  1719 22 0.2088  1719 23 0.2088  1719 24 0.2175  1719 25 0.2088  1719 26 0.174  1719 27 0.1218  1719 28 0.0435  1719 29 0  1719 30 0  1719 31 0.0348  1719 32 0.0957  1719 33 0.1479  1719 34 0.174  1719 35 0.174  1719 36 0.1566  1719 37 0.1653  1719 38 0.1914  1719 39 0.2436  1719 40 0.3132  1719 41 0.3567  1719 42 0.3654  1719 43 0.3567  1719 44 0.3132  1719 45 0.2871  1719 46 0.2697  1719 47 0.2523  1719 48 0.2436  1719 49 0.2436  1719 50 0.2349  1719 51 0.2262  1719 52 0.2175  1719 53 0.2175  1719 54 0.2349  1719 55 0.2697  1719 56 0.3132  1719 57 0.3306  1719 58 0.3393  1719 59 0.3132  1719 60 0.2697  1719 61 0.2436  1719 62 0.2175  1719 63 0.2088  1719 64 0.2001  1719 65 0.1914  1719 66 0.1914  1719 67 0.2001  1719 68 0.2001  1719 69 0.2088  1719 70 0.2262  1719 71 0.2523  1719 72 0.2871  1719 73 0.2871  1719 74 0.2697  1719 75 0.2349  1719 76 0.1653  1719 77 0.1218  1719 78 0.1131  1719 79 0.1218  1719 80 0.1653  1719 81 0.1914  1719 82 0.2001  1719 83 0.2001  1719 84 0.1827  1719 85 0.174  1719 86 0.174  1719 87 0.174  1719 88 0.1827  1719 89 0.1827  1719 90 0.174  1719 91 0.1479  1719 92 0.1131  1719 93 0.087  1719 94 0.0783  1719 95 0.0783  

5380 0 0  5380 1 0  5380 2 0  5380 3 0  5380 4 0  5380 5 0  5380 6 0  5380 7 0  5380 8 0  5380 9 0  5380 10 0  5380 11 0  5380 12 0  5380 13 0  5380 14 0  5380 15 0  5380 16 0  5380 17 0  5380 18 0  5380 19 0  5380 20 0  5380 21 0  5380 22 0  5380 23 0  5380 24 0  5380 25 0  5380 26 0  5380 27 0  5380 28 0  5380 29 0  5380 30 0  5380 31 0  5380 32 0  5380 33 0  5380 34 0  5380 35 0  5380 36 0  5380 37 0  5380 38 0  5380 39 0  5380 40 0  5380 41 0  5380 42 0  5380 43 0  5380 44 0  5380 45 0  5380 46 0  5380 47 0  5380 48 0  5380 49 0  5380 50 0  5380 51 0  5380 52 0  5380 53 0  5380 54 0  5380 55 0  5380 56 0  5380 57 0  5380 58 0  5380 59 0  5380 60 0  5380 61 0  5380 62 0  5380 63 0  5380 64 0  5380 65 0  5380 66 0  5380 67 0  5380 68 0  5380 69 0  5380 70 0  5380 71 0  5380 72 0  5380 73 0  5380 74 0  5380 75 0  5380 76 0  5380 77 0  5380 78 0  5380 79 0  5380 80 0  5380 81 0  5380 82 0  5380 83 0  5380 84 0  5380 85 0  5380 86 0  5380 87 0  5380 88 0  5380 89 0  5380 90 0  5380 91 0  5380 92 0  5380 93 0  5380 94 0  5380 95 0  
;

param t := 
380 583 0.13485  
380 518 0.0748834  
380 87 0.266335  
380 1196 0.235707  
380 1764 0.337628  
380 1954 0.336806  
380 1087 0.205342  
380 1923 0.588406  
380 151 0.153127  
380 1250 0.404077  
380 1407 0.388618  
380 2137 0.072766  
380 1979 0.152844  
380 848 0.229993  
380 2159 0.178649  
380 1292 0.325713  
380 52 0.262229  
380 1632 0.420771  
380 2101 0.312732  
380 1780 0.267875  
380 2208 0.398944  
380 1992 0.0719213  
380 2133 0.050219  
380 1719 0.177283  
583 5380 0.118405  
583 518 0.0504556  
583 87 0.335835  
583 1196 0.127627  
583 1764 0.4056  
583 1954 0.258463  
583 1087 0.125028  
583 1923 0.512836  
583 151 0.198689  
583 1250 0.406949  
583 1407 0.290683  
583 2137 0.109537  
583 1979 0.227793  
583 848 0.231927  
583 2159 0.0705684  
583 1292 0.327472  
583 52 0.306044  
583 1632 0.317981  
583 2101 0.207151  
583 1780 0.16945  
583 2208 0.442413  
583 1992 0.0554125  
583 2133 0.152198  
583 1719 0.250075  
518 5380 0.067949  
518 583 0.0599667  
518 87 0.319101  
518 1196 0.160824  
518 1764 0.389428  
518 1954 0.313432  
518 1087 0.152209  
518 1923 0.56691  
518 151 0.148233  
518 1250 0.416751  
518 1407 0.314937  
518 2137 0.121963  
518 1979 0.204367  
518 848 0.246392  
518 2159 0.103765  
518 1292 0.338584  
518 52 0.257208  
518 1632 0.351671  
518 2101 0.240348  
518 1780 0.196631  
518 2208 0.39421  
518 1992 0.0480874  
518 2133 0.101743  
518 1719 0.199623  
87 5380 0.286422  
87 583 0.336373  
87 518 0.329854  
87 1196 0.45665  
87 1764 0.128679  
87 1954 0.56509  
87 1087 0.411785  
87 1923 0.821473  
87 151 0.413624  
87 1250 0.340736  
87 1407 0.500962  
87 2137 0.280734  
87 1979 0.120008  
87 848 0.271326  
87 2159 0.396574  
87 1292 0.373841  
87 52 0.439608  
87 1632 0.649716  
87 2101 0.54148  
87 1780 0.474522  
87 2208 0.614017  
87 1992 0.31583  
87 2133 0.256356  
87 1719 0.32729  
1196 5380 0.287003  
1196 583 0.170153  
1196 518 0.22127  
1196 87 0.500327  
1196 1764 0.522063  
1196 1954 0.354064  
1196 1087 0.11944  
1196 1923 0.575591  
1196 151 0.362962  
1196 1250 0.471504  
1196 1407 0.19619  
1196 2137 0.265835  
1196 1979 0.391034  
1196 848 0.335999  
1196 2159 0.090729  
1196 1292 0.312589  
1196 52 0.438833  
1196 1632 0.193864  
1196 2101 0.0795239  
1196 1780 0.113497  
1196 2208 0.643207  
1196 1992 0.217843  
1196 2133 0.318778  
1196 1719 0.415076  
1764 5380 0.33746  
1764 583 0.387789  
1764 518 0.381366  
1764 87 0.144918  
1764 1196 0.48919  
1764 1954 0.636918  
1764 1087 0.426015  
1764 1923 0.891322  
1764 151 0.466385  
1764 1250 0.23817  
1764 1407 0.439575  
1764 2137 0.332936  
1764 1979 0.170797  
1764 848 0.202685  
1764 2159 0.429115  
1764 1292 0.313116  
1764 52 0.487246  
1764 1632 0.591186  
1764 2101 0.482047  
1764 1780 0.423019  
1764 2208 0.675366  
1764 1992 0.367247  
1764 2133 0.306576  
1764 1719 0.374928  
1954 5380 0.297848  
1954 583 0.237981  
1954 518 0.301558  
1954 87 0.523709  
1954 1196 0.355408  
1954 1764 0.592062  
1954 1087 0.341974  
1954 1923 0.496416  
1954 151 0.311199  
1954 1250 0.647555  
1954 1407 0.496914  
1954 2137 0.339319  
1954 1979 0.412739  
1954 848 0.474385  
1954 2159 0.284383  
1954 1292 0.606956  
1954 52 0.275115  
1954 1632 0.500036  
1954 2101 0.392  
1954 1780 0.388299  
1954 2208 0.425888  
1954 1992 0.298783  
1954 2133 0.310242  
1954 1719 0.380285  
1087 5380 0.225959  
1087 583 0.15829  
1087 518 0.175745  
1087 87 0.420935  
1087 1196 0.125252  
1087 1764 0.398576  
1087 1954 0.382498  
1087 1923 0.657943  
1087 151 0.317427  
1087 1250 0.349898  
1087 1407 0.234488  
1087 2137 0.195639  
1087 1979 0.311591  
1087 848 0.212175  
1087 2159 0.0759469  
1087 1292 0.254034  
1087 52 0.393298  
1087 1632 0.315768  
1087 2101 0.204776  
1087 1780 0.0907905  
1087 2208 0.582452  
1087 1992 0.153542  
1087 2133 0.258738  
1087 1719 0.367499  
1923 5380 0.433148  
1923 583 0.371745  
1923 518 0.424599  
1923 87 0.665955  
1923 1196 0.480186  
1923 1764 0.725705  
1923 1954 0.384014  
1923 1087 0.474183  
1923 151 0.483346  
1923 1250 0.766547  
1923 1407 0.622677  
1923 2137 0.474619  
1923 1979 0.549629  
1923 848 0.599387  
1923 2159 0.416591  
1923 1292 0.736844  
1923 52 0.581242  
1923 1632 0.631914  
1923 2101 0.517009  
1923 1780 0.520754  
1923 2208 0.771425  
1923 1992 0.429852  
1923 2133 0.445542  
1923 1719 0.532665  
151 5380 0.144446  
151 583 0.200304  
151 518 0.140337  
151 87 0.407553  
151 1196 0.303757  
151 1764 0.47788  
151 1954 0.30821  
151 1087 0.294783  
151 1923 0.616665  
151 1250 0.502908  
151 1407 0.470476  
151 2137 0.177336  
151 1979 0.298437  
151 848 0.340173  
151 2159 0.244102  
151 1292 0.461491  
151 52 0.117991  
151 1632 0.487738  
151 2101 0.3797  
151 1780 0.341108  
151 2208 0.258692  
151 1992 0.188424  
151 2133 0.150331  
151 1719 0.10701  
1250 5380 0.418142  
1250 583 0.38626  
1250 518 0.413523  
1250 87 0.383167  
1250 1196 0.390653  
1250 1764 0.24363  
1250 1954 0.63539  
1250 1087 0.359692  
1250 1923 0.889687  
1250 151 0.490318  
1250 1407 0.331485  
1250 2137 0.3368  
1250 1979 0.24278  
1250 848 0.167455  
1250 2159 0.40049  
1250 1292 0.198705  
1250 52 0.585859  
1250 1632 0.488921  
1250 2101 0.373957  
1250 1780 0.315974  
1250 2208 0.755109  
1250 1992 0.365718  
1250 2133 0.372769  
1250 1719 0.47012  
1407 5380 0.382644  
1407 583 0.328134  
1407 518 0.347552  
1407 87 0.581945  
1407 1196 0.189045  
1407 1764 0.538398  
1407 1954 0.51167  
1407 1087 0.181562  
1407 1923 0.73596  
1407 151 0.489345  
1407 1250 0.413238  
1407 2137 0.372923  
1407 1979 0.468307  
1407 848 0.338458  
1407 2159 0.238658  
1407 1292 0.224796  
1407 52 0.582787  
1407 1632 0.206446  
1407 2101 0.129381  
1407 1780 0.139663  
1407 2208 0.7776  
1407 1992 0.318939  
1407 2133 0.414418  
1407 1719 0.540201  
2137 5380 0.0545952  
2137 583 0.112611  
2137 518 0.0794851  
2137 87 0.29073  
2137 1196 0.221408  
2137 1764 0.36157  
2137 1954 0.38303  
2137 1087 0.18237  
2137 1923 0.633927  
2137 151 0.207722  
2137 1250 0.336505  
2137 1407 0.359968  
2137 1979 0.183149  
2137 848 0.186549  
2137 2159 0.16435  
2137 1292 0.280674  
2137 52 0.307748  
2137 1632 0.408303  
2137 2101 0.300264  
2137 1780 0.248798  
2137 2208 0.45078  
2137 1992 0.076523  
2137 2133 0.0851877  
2137 1719 0.212252  
1979 5380 0.1714  
1979 583 0.225822  
1979 518 0.206865  
1979 87 0.119669  
1979 1196 0.339966  
1979 1764 0.186819  
1979 1954 0.446791  
1979 1087 0.29886  
1979 1923 0.69995  
1979 151 0.299218  
1979 1250 0.237525  
1979 1407 0.385996  
1979 2137 0.163515  
1979 848 0.153252  
1979 2159 0.279891  
1979 1292 0.263657  
1979 52 0.334917  
1979 1632 0.540025  
1979 2101 0.415909  
1979 1780 0.366296  
1979 2208 0.480762  
1979 1992 0.206336  
1979 2133 0.137657  
1979 1719 0.221857  
848 5380 0.235999  
848 583 0.225474  
848 518 0.251549  
848 87 0.24324  
848 1196 0.292652  
848 1764 0.206212  
848 1954 0.470506  
848 1087 0.233282  
848 1923 0.725159  
848 151 0.329812  
848 1250 0.15138  
848 1407 0.262138  
848 2137 0.181404  
848 1979 0.131394  
848 2159 0.233432  
848 1292 0.128207  
848 52 0.405683  
848 1632 0.424764  
848 2101 0.301761  
848 1780 0.252488  
848 2208 0.598977  
848 1992 0.205988  
848 2133 0.2103  
848 1719 0.312182  
2159 5380 0.214935  
2159 583 0.0935418  
2159 518 0.146986  
2159 87 0.428639  
2159 1196 0.0570588  
2159 1764 0.456564  
2159 1954 0.306449  
2159 1087 0.0544596  
2159 1923 0.574419  
2159 151 0.291952  
2159 1250 0.410586  
2159 1407 0.221115  
2159 2137 0.202288  
2159 1979 0.319296  
2159 848 0.271289  
2159 1292 0.31182  
2159 52 0.358715  
2159 1632 0.250818  
2159 2101 0.136583  
2159 1780 0.098882  
2159 2208 0.578471  
2159 1992 0.148164  
2159 2133 0.248728  
2159 1719 0.343289  
1292 5380 0.343839  
1292 583 0.311081  
1292 518 0.33836  
1292 87 0.384463  
1292 1196 0.270427  
1292 1764 0.33003  
1292 1954 0.556446  
1292 1087 0.244734  
1292 1923 0.813211  
1292 151 0.439584  
1292 1250 0.214455  
1292 1407 0.225352  
1292 2137 0.262497  
1292 1979 0.27512  
1292 848 0.160196  
1292 2159 0.295925  
1292 52 0.51649  
1292 1632 0.384644  
1292 2101 0.261159  
1292 1780 0.20496  
1292 2208 0.730729  
1292 1992 0.290555  
1292 2133 0.322034  
1292 1719 0.439482  
52 5380 0.238586  
52 583 0.279026  
52 518 0.234477  
52 87 0.44758  
52 1196 0.393584  
52 1764 0.519451  
52 1954 0.270048  
52 1087 0.3911  
52 1923 0.659542  
52 151 0.1066  
52 1250 0.566415  
52 1407 0.572943  
52 2137 0.273605  
52 1979 0.32893  
52 848 0.447752  
52 2159 0.333509  
52 1292 0.556924  
52 1632 0.586  
52 2101 0.469526  
52 1780 0.437425  
52 2208 0.236786  
52 1992 0.279726  
52 2133 0.244471  
52 1719 0.190198  
1632 5380 0.519716  
1632 583 0.415037  
1632 518 0.466847  
1632 87 0.744186  
1632 1196 0.239235  
1632 1764 0.704516  
1632 1954 0.545198  
1632 1087 0.349735  
1632 1923 0.768905  
1632 151 0.627358  
1632 1250 0.58546  
1632 1407 0.230483  
1632 2137 0.541119  
1632 1979 0.629651  
1632 848 0.500868  
1632 2159 0.325985  
1632 1292 0.418201  
1632 52 0.662123  
1632 2101 0.153848  
1632 1780 0.306101  
1632 2208 0.922337  
1632 1992 0.453621  
1632 2133 0.552405  
1632 1719 0.65861  
2101 5380 0.386745  
2101 583 0.278122  
2101 518 0.317734  
2101 87 0.614072  
2101 1196 0.106153  
2101 1764 0.568665  
2101 1954 0.401806  
2101 1087 0.206763  
2101 1923 0.624206  
2101 151 0.455564  
2101 1250 0.44642  
2101 1407 0.140332  
2101 2137 0.371519  
2101 1979 0.499203  
2101 848 0.369355  
2101 2159 0.196882  
2101 1292 0.293227  
2101 52 0.525937  
2101 1632 0.149533  
2101 1780 0.164863  
2101 2208 0.784865  
2101 1992 0.32304  
2101 2133 0.418519  
2101 1719 0.510546  
1780 5380 0.257536  
1780 583 0.190626  
1780 518 0.208081  
1780 87 0.465093  
1780 1196 0.120558  
1780 1764 0.428154  
1780 1954 0.414606  
1780 1087 0.0462427  
1780 1923 0.688708  
1780 151 0.34725  
1780 1250 0.352535  
1780 1407 0.16514  
1780 2137 0.236218  
1780 1979 0.35575  
1780 848 0.241104  
1780 2159 0.108283  
1780 1292 0.234354  
1780 52 0.42312  
1780 1632 0.328844  
1780 2101 0.196406  
1780 2208 0.622243  
1780 1992 0.185879  
1780 2133 0.288912  
1780 1719 0.399363  
2208 5380 0.336418  
2208 583 0.319587  
2208 518 0.344118  
2208 87 0.547146  
2208 1196 0.424508  
2208 1764 0.612186  
2208 1954 0.363337  
2208 1087 0.422024  
2208 1923 0.754523  
2208 151 0.207433  
2208 1250 0.666771  
2208 1407 0.601927  
2208 2137 0.377889  
2208 1979 0.436042  
2208 848 0.554821  
2208 2159 0.364433  
2208 1292 0.647716  
2208 52 0.178742  
2208 1632 0.61591  
2208 2101 0.500452  
2208 1780 0.468349  
2208 1992 0.389997  
2208 2133 0.348812  
2208 1719 0.285682  
1992 5380 0.0735089  
1992 583 0.0703968  
1992 518 0.0456674  
1992 87 0.343789  
1992 1196 0.17455  
1992 1764 0.413303  
1992 1954 0.317505  
1992 1087 0.140826  
1992 1923 0.570855  
1992 151 0.191545  
1992 1250 0.411256  
1992 1407 0.329804  
1992 2137 0.0818926  
1992 1979 0.23572  
1992 848 0.236287  
1992 2159 0.117491  
1992 1292 0.331437  
1992 52 0.29323  
1992 1632 0.36401  
1992 2101 0.25461  
1992 1780 0.206469  
1992 2208 0.435797  
1992 2133 0.107302  
1992 1719 0.234367  
2133 5380 0.337949  
2133 583 0.399378  
2133 518 0.342941  
2133 87 0.426405  
2133 1196 0.519076  
2133 1764 0.496732  
2133 1954 0.493175  
2133 1087 0.506494  
2133 1923 0.824302  
2133 151 0.256111  
2133 1250 0.547017  
2133 1407 0.685064  
2133 2137 0.34617  
2133 1979 0.308377  
2133 848 0.446018  
2133 2159 0.45926  
2133 1292 0.581506  
2133 52 0.284633  
2133 1632 0.710582  
2133 2101 0.596903  
2133 1780 0.555598  
2133 2208 0.430769  
2133 1992 0.388821  
2133 1719 0.192225  
1719 5380 0.173347  
1719 583 0.250404  
1719 518 0.190692  
1719 87 0.317551  
1719 1196 0.359173  
1719 1764 0.387898  
1719 1954 0.380549  
1719 1087 0.348946  
1719 1923 0.66712  
1719 151 0.10095  
1719 1250 0.440057  
1719 1407 0.524576  
1719 2137 0.185988  
1719 1979 0.202769  
1719 848 0.327733  
1719 2159 0.299098  
1719 1292 0.440571  
1719 52 0.170271  
1719 1632 0.549665  
1719 2101 0.435115  
1719 1780 0.395271  
1719 2208 0.327699  
1719 1992 0.231106  
1719 2133 0.16486  
;

