param o := 2117 ;
param s := 7117 ;

set R := 2109 563 1408 2049 430 922 1393 381 1114 2074 997 833 1320 1084 1631 177 2051 330 808 2070 818 71 796 1099 ;
set M := 0 1 2 3 4 5 6 7 8 9 10 11 12 13 14 15 16 17 18 19 20 21 22 23 24 25 26 27 28 29 30 31 32 33 34 35 36 37 38 39 40 41 42 43 44 45 46 47 48 49 50 51 52 53 54 55 56 57 58 59 60 61 62 63 64 65 66 67 68 69 70 71 72 73 74 75 76 77 78 79 80 81 82 83 84 85 86 87 88 89 90 91 92 93 94 95 ;
param TTI := 
0 0
1 0.25
2 0.5
3 0.75
4 1
5 1.25
6 1.5
7 1.75
8 2
9 2.25
10 2.5
11 2.75
12 3
13 3.25
14 3.5
15 3.75
16 4
17 4.25
18 4.5
19 4.75
20 5
21 5.25
22 5.5
23 5.75
24 6
25 6.25
26 6.5
27 6.75
28 7
29 7.25
30 7.5
31 7.75
32 8
33 8.25
34 8.5
35 8.75
36 9
37 9.25
38 9.5
39 9.75
40 10
41 10.25
42 10.5
43 10.75
44 11
45 11.25
46 11.5
47 11.75
48 12
49 12.25
50 12.5
51 12.75
52 13
53 13.25
54 13.5
55 13.75
56 14
57 14.25
58 14.5
59 14.75
60 15
61 15.25
62 15.5
63 15.75
64 16
65 16.25
66 16.5
67 16.75
68 17
69 17.25
70 17.5
71 17.75
72 18
73 18.25
74 18.5
75 18.75
76 19
77 19.25
78 19.5
79 19.75
80 20
81 20.25
82 20.5
83 20.75
84 21
85 21.25
86 21.5
87 21.75
88 22
89 22.25
90 22.5
91 22.75
92 23
93 23.25
94 23.5
95 23.75
;

param TTF := 
0 0.25
1 0.5
2 0.75
3 1
4 1.25
5 1.5
6 1.75
7 2
8 2.25
9 2.5
10 2.75
11 3
12 3.25
13 3.5
14 3.75
15 4
16 4.25
17 4.5
18 4.75
19 5
20 5.25
21 5.5
22 5.75
23 6
24 6.25
25 6.5
26 6.75
27 7
28 7.25
29 7.5
30 7.75
31 8
32 8.25
33 8.5
34 8.75
35 9
36 9.25
37 9.5
38 9.75
39 10
40 10.25
41 10.5
42 10.75
43 11
44 11.25
45 11.5
46 11.75
47 12
48 12.25
49 12.5
50 12.75
51 13
52 13.25
53 13.5
54 13.75
55 14
56 14.25
57 14.5
58 14.75
59 15
60 15.25
61 15.5
62 15.75
63 16
64 16.25
65 16.5
66 16.75
67 17
68 17.25
69 17.5
70 17.75
71 18
72 18.25
73 18.5
74 18.75
75 19
76 19.25
77 19.5
78 19.75
79 20
80 20.25
81 20.5
82 20.75
83 21
84 21.25
85 21.5
86 21.75
87 22
88 22.25
89 22.5
90 22.75
91 23
92 23.25
93 23.5
94 23.75
95 24
;

param tf := 
2117 0 0.1911  2117 1 0.1862  2117 2 0.1813  2117 3 0.1764  2117 4 0.1617  2117 5 0.1519  2117 6 0.147  2117 7 0.1372  2117 8 0.1372  2117 9 0.1274  2117 10 0.1176  2117 11 0.1029  2117 12 0.0882  2117 13 0.0833  2117 14 0.0882  2117 15 0.1078  2117 16 0.1372  2117 17 0.1519  2117 18 0.147  2117 19 0.1274  2117 20 0.0882  2117 21 0.0686  2117 22 0.0637  2117 23 0.0735  2117 24 0.098  2117 25 0.1225  2117 26 0.1372  2117 27 0.1568  2117 28 0.1666  2117 29 0.1813  2117 30 0.2009  2117 31 0.2156  2117 32 0.2352  2117 33 0.245  2117 34 0.2401  2117 35 0.2205  2117 36 0.196  2117 37 0.1715  2117 38 0.1519  2117 39 0.1372  2117 40 0.1274  2117 41 0.1176  2117 42 0.1078  2117 43 0.0931  2117 44 0.0784  2117 45 0.0784  2117 46 0.0931  2117 47 0.1176  2117 48 0.1519  2117 49 0.1813  2117 50 0.2009  2117 51 0.2058  2117 52 0.2058  2117 53 0.2058  2117 54 0.2107  2117 55 0.2205  2117 56 0.2303  2117 57 0.2352  2117 58 0.2352  2117 59 0.2254  2117 60 0.2058  2117 61 0.1911  2117 62 0.1764  2117 63 0.1666  2117 64 0.1519  2117 65 0.1372  2117 66 0.1176  2117 67 0.098  2117 68 0.0735  2117 69 0.0539  2117 70 0.0441  2117 71 0.0392  2117 72 0.0392  2117 73 0.0392  2117 74 0.049  2117 75 0.0588  2117 76 0.0735  2117 77 0.0931  2117 78 0.1176  2117 79 0.147  2117 80 0.1813  2117 81 0.2009  2117 82 0.2009  2117 83 0.1813  2117 84 0.1519  2117 85 0.1176  2117 86 0.0931  2117 87 0.0637  2117 88 0.0441  2117 89 0.0245  2117 90 0.0147  2117 91 0.0049  2117 92 0  2117 93 0.0098  2117 94 0.0294  2117 95 0.0686  
2109 0 0.1023  2109 1 0.1116  2109 2 0.1116  2109 3 0.1116  2109 4 0.1116  2109 5 0.1116  2109 6 0.1023  2109 7 0.0837  2109 8 0.0558  2109 9 0.0372  2109 10 0.0279  2109 11 0.0372  2109 12 0.0465  2109 13 0.0558  2109 14 0.0651  2109 15 0.0651  2109 16 0.0651  2109 17 0.0651  2109 18 0.0651  2109 19 0.0744  2109 20 0.093  2109 21 0.093  2109 22 0.0837  2109 23 0.0744  2109 24 0.0465  2109 25 0.0372  2109 26 0.0465  2109 27 0.0558  2109 28 0.0837  2109 29 0.1116  2109 30 0.1209  2109 31 0.1209  2109 32 0.1116  2109 33 0.1116  2109 34 0.1023  2109 35 0.093  2109 36 0.0837  2109 37 0.0651  2109 38 0.0558  2109 39 0.0372  2109 40 0.0093  2109 41 0  2109 42 0  2109 43 0.0093  2109 44 0.0186  2109 45 0.0372  2109 46 0.0372  2109 47 0.0372  2109 48 0.0372  2109 49 0.0372  2109 50 0.0465  2109 51 0.0744  2109 52 0.1023  2109 53 0.1209  2109 54 0.1302  2109 55 0.1302  2109 56 0.1116  2109 57 0.1116  2109 58 0.1116  2109 59 0.1116  2109 60 0.1302  2109 61 0.1302  2109 62 0.1116  2109 63 0.093  2109 64 0.0651  2109 65 0.0372  2109 66 0.0279  2109 67 0.0279  2109 68 0.0372  2109 69 0.0465  2109 70 0.0465  2109 71 0.0558  2109 72 0.0558  2109 73 0.0651  2109 74 0.0744  2109 75 0.093  2109 76 0.1116  2109 77 0.1209  2109 78 0.1209  2109 79 0.1116  2109 80 0.093  2109 81 0.0837  2109 82 0.0744  2109 83 0.0744  2109 84 0.093  2109 85 0.093  2109 86 0.0837  2109 87 0.0651  2109 88 0.0372  2109 89 0.0279  2109 90 0.0279  2109 91 0.0372  2109 92 0.0744  2109 93 0.093  2109 94 0.1023  2109 95 0.1116  
563 0 0.0288  563 1 0.0288  563 2 0.0288  563 3 0.0288  563 4 0.0288  563 5 0.0288  563 6 0.0288  563 7 0.0336  563 8 0.0432  563 9 0.048  563 10 0.048  563 11 0.0432  563 12 0.0336  563 13 0.0288  563 14 0.0288  563 15 0.0288  563 16 0.0336  563 17 0.0384  563 18 0.0432  563 19 0.048  563 20 0.048  563 21 0.0528  563 22 0.0576  563 23 0.0624  563 24 0.0672  563 25 0.072  563 26 0.072  563 27 0.072  563 28 0.072  563 29 0.0672  563 30 0.0672  563 31 0.0672  563 32 0.0672  563 33 0.0624  563 34 0.0576  563 35 0.0528  563 36 0.0432  563 37 0.0384  563 38 0.0336  563 39 0.0384  563 40 0.0384  563 41 0.0432  563 42 0.0432  563 43 0.0432  563 44 0.0384  563 45 0.0432  563 46 0.0432  563 47 0.048  563 48 0.0576  563 49 0.0624  563 50 0.0672  563 51 0.0624  563 52 0.0576  563 53 0.0528  563 54 0.048  563 55 0.0432  563 56 0.0384  563 57 0.0336  563 58 0.0288  563 59 0.024  563 60 0.0192  563 61 0.0144  563 62 0.0192  563 63 0.024  563 64 0.0336  563 65 0.0384  563 66 0.048  563 67 0.048  563 68 0.048  563 69 0.0528  563 70 0.0528  563 71 0.0576  563 72 0.0624  563 73 0.0624  563 74 0.0672  563 75 0.0672  563 76 0.0672  563 77 0.0672  563 78 0.0672  563 79 0.0672  563 80 0.0672  563 81 0.0672  563 82 0.0624  563 83 0.0528  563 84 0.0432  563 85 0.0336  563 86 0.0288  563 87 0.0288  563 88 0.0288  563 89 0.0288  563 90 0.024  563 91 0.0192  563 92 0.0048  563 93 0  563 94 0  563 95 0.0048  
1408 0 0.0432  1408 1 0.0432  1408 2 0.0456  1408 3 0.0456  1408 4 0.0504  1408 5 0.048  1408 6 0.0432  1408 7 0.036  1408 8 0.0264  1408 9 0.0216  1408 10 0.0216  1408 11 0.0288  1408 12 0.0408  1408 13 0.0504  1408 14 0.0552  1408 15 0.0552  1408 16 0.0528  1408 17 0.0528  1408 18 0.048  1408 19 0.0432  1408 20 0.0408  1408 21 0.036  1408 22 0.0288  1408 23 0.0216  1408 24 0.012  1408 25 0.0048  1408 26 0.0024  1408 27 0.0048  1408 28 0.0096  1408 29 0.012  1408 30 0.012  1408 31 0.0096  1408 32 0.0024  1408 33 0  1408 34 0  1408 35 0.0024  1408 36 0.0072  1408 37 0.0096  1408 38 0.012  1408 39 0.012  1408 40 0.0096  1408 41 0.0096  1408 42 0.0096  1408 43 0.012  1408 44 0.0144  1408 45 0.0168  1408 46 0.0192  1408 47 0.0216  1408 48 0.024  1408 49 0.0288  1408 50 0.0384  1408 51 0.0528  1408 52 0.0696  1408 53 0.0816  1408 54 0.084  1408 55 0.0792  1408 56 0.0696  1408 57 0.06  1408 58 0.0552  1408 59 0.0528  1408 60 0.0528  1408 61 0.0528  1408 62 0.048  1408 63 0.0384  1408 64 0.0288  1408 65 0.0264  1408 66 0.0288  1408 67 0.0384  1408 68 0.0552  1408 69 0.0672  1408 70 0.0744  1408 71 0.0744  1408 72 0.0696  1408 73 0.0672  1408 74 0.0624  1408 75 0.06  1408 76 0.0552  1408 77 0.0528  1408 78 0.048  1408 79 0.0456  1408 80 0.0408  1408 81 0.0432  1408 82 0.0528  1408 83 0.0672  1408 84 0.0888  1408 85 0.1008  1408 86 0.1032  1408 87 0.096  1408 88 0.0816  1408 89 0.0744  1408 90 0.0672  1408 91 0.0672  1408 92 0.0696  1408 93 0.072  1408 94 0.0672  1408 95 0.0624  
2049 0 0.028  2049 1 0.035  2049 2 0.042  2049 3 0.049  2049 4 0.063  2049 5 0.077  2049 6 0.077  2049 7 0.07  2049 8 0.056  2049 9 0.056  2049 10 0.056  2049 11 0.063  2049 12 0.07  2049 13 0.077  2049 14 0.077  2049 15 0.07  2049 16 0.056  2049 17 0.049  2049 18 0.042  2049 19 0.042  2049 20 0.049  2049 21 0.049  2049 22 0.049  2049 23 0.042  2049 24 0.028  2049 25 0.021  2049 26 0.021  2049 27 0.021  2049 28 0.028  2049 29 0.035  2049 30 0.042  2049 31 0.035  2049 32 0.035  2049 33 0.028  2049 34 0.028  2049 35 0.021  2049 36 0.021  2049 37 0.021  2049 38 0.014  2049 39 0.014  2049 40 0.007  2049 41 0  2049 42 0  2049 43 0  2049 44 0.007  2049 45 0.014  2049 46 0.014  2049 47 0.021  2049 48 0.021  2049 49 0.028  2049 50 0.035  2049 51 0.049  2049 52 0.063  2049 53 0.07  2049 54 0.07  2049 55 0.063  2049 56 0.049  2049 57 0.042  2049 58 0.035  2049 59 0.035  2049 60 0.035  2049 61 0.035  2049 62 0.035  2049 63 0.035  2049 64 0.028  2049 65 0.021  2049 66 0.021  2049 67 0.021  2049 68 0.021  2049 69 0.021  2049 70 0.021  2049 71 0.021  2049 72 0.014  2049 73 0.014  2049 74 0.014  2049 75 0.021  2049 76 0.021  2049 77 0.028  2049 78 0.028  2049 79 0.028  2049 80 0.028  2049 81 0.028  2049 82 0.028  2049 83 0.028  2049 84 0.035  2049 85 0.035  2049 86 0.042  2049 87 0.042  2049 88 0.042  2049 89 0.042  2049 90 0.049  2049 91 0.049  2049 92 0.056  2049 93 0.056  2049 94 0.049  2049 95 0.049  
430 0 0.1254  430 1 0.132  430 2 0.132  430 3 0.1386  430 4 0.1452  430 5 0.1452  430 6 0.132  430 7 0.1122  430 8 0.0726  430 9 0.066  430 10 0.066  430 11 0.0858  430 12 0.1188  430 13 0.1452  430 14 0.1584  430 15 0.165  430 16 0.1584  430 17 0.1518  430 18 0.1452  430 19 0.132  430 20 0.1188  430 21 0.1056  430 22 0.0792  430 23 0.0594  430 24 0.033  430 25 0.0132  430 26 0.0066  430 27 0.0132  430 28 0.0264  430 29 0.0396  430 30 0.033  430 31 0.0264  430 32 0.0066  430 33 0  430 34 0  430 35 0.0066  430 36 0.0198  430 37 0.0264  430 38 0.033  430 39 0.033  430 40 0.033  430 41 0.0264  430 42 0.033  430 43 0.0396  430 44 0.0396  430 45 0.0528  430 46 0.0594  430 47 0.066  430 48 0.0726  430 49 0.0858  430 50 0.1122  430 51 0.1518  430 52 0.2046  430 53 0.2376  430 54 0.2442  430 55 0.231  430 56 0.2046  430 57 0.1782  430 58 0.165  430 59 0.1584  430 60 0.1584  430 61 0.1518  430 62 0.1386  430 63 0.1122  430 64 0.0858  430 65 0.0726  430 66 0.0858  430 67 0.1122  430 68 0.165  430 69 0.198  430 70 0.2178  430 71 0.2178  430 72 0.2046  430 73 0.1914  430 74 0.1848  430 75 0.1716  430 76 0.165  430 77 0.1518  430 78 0.1452  430 79 0.132  430 80 0.1188  430 81 0.132  430 82 0.1518  430 83 0.198  430 84 0.2574  430 85 0.297  430 86 0.3036  430 87 0.2838  430 88 0.2442  430 89 0.2178  430 90 0.198  430 91 0.198  430 92 0.2046  430 93 0.2112  430 94 0.198  430 95 0.1848  
922 0 0.0248  922 1 0.0341  922 2 0.0434  922 3 0.0527  922 4 0.0682  922 5 0.0775  922 6 0.0775  922 7 0.0744  922 8 0.062  922 9 0.0558  922 10 0.0558  922 11 0.062  922 12 0.0744  922 13 0.0806  922 14 0.0806  922 15 0.0744  922 16 0.0589  922 17 0.0527  922 18 0.0465  922 19 0.0465  922 20 0.0527  922 21 0.0527  922 22 0.0465  922 23 0.0403  922 24 0.0279  922 25 0.0217  922 26 0.0186  922 27 0.0217  922 28 0.031  922 29 0.0372  922 30 0.0403  922 31 0.0372  922 32 0.0341  922 33 0.0279  922 34 0.0279  922 35 0.0248  922 36 0.0248  922 37 0.0217  922 38 0.0186  922 39 0.0124  922 40 0.0062  922 41 0  922 42 0  922 43 0.0031  922 44 0.0062  922 45 0.0124  922 46 0.0155  922 47 0.0217  922 48 0.0248  922 49 0.031  922 50 0.0403  922 51 0.0496  922 52 0.062  922 53 0.0682  922 54 0.0682  922 55 0.062  922 56 0.0496  922 57 0.0434  922 58 0.0372  922 59 0.0372  922 60 0.0372  922 61 0.0372  922 62 0.0372  922 63 0.031  922 64 0.0279  922 65 0.0217  922 66 0.0217  922 67 0.0217  922 68 0.0248  922 69 0.0248  922 70 0.0248  922 71 0.0217  922 72 0.0186  922 73 0.0155  922 74 0.0186  922 75 0.0186  922 76 0.0248  922 77 0.0248  922 78 0.0279  922 79 0.0279  922 80 0.0248  922 81 0.0248  922 82 0.0248  922 83 0.0279  922 84 0.0341  922 85 0.0372  922 86 0.0403  922 87 0.0434  922 88 0.0434  922 89 0.0465  922 90 0.0465  922 91 0.0527  922 92 0.0558  922 93 0.0558  922 94 0.0527  922 95 0.0465  
1393 0 0.108  1393 1 0.108  1393 2 0.108  1393 3 0.108  1393 4 0.108  1393 5 0.108  1393 6 0.099  1393 7 0.09  1393 8 0.081  1393 9 0.072  1393 10 0.072  1393 11 0.072  1393 12 0.072  1393 13 0.072  1393 14 0.063  1393 15 0.045  1393 16 0.027  1393 17 0.027  1393 18 0.027  1393 19 0.054  1393 20 0.09  1393 21 0.108  1393 22 0.126  1393 23 0.117  1393 24 0.108  1393 25 0.09  1393 26 0.081  1393 27 0.072  1393 28 0.054  1393 29 0.045  1393 30 0.027  1393 31 0.018  1393 32 0.009  1393 33 0  1393 34 0.009  1393 35 0.018  1393 36 0.045  1393 37 0.063  1393 38 0.072  1393 39 0.072  1393 40 0.072  1393 41 0.063  1393 42 0.063  1393 43 0.072  1393 44 0.081  1393 45 0.09  1393 46 0.09  1393 47 0.09  1393 48 0.09  1393 49 0.099  1393 50 0.126  1393 51 0.162  1393 52 0.216  1393 53 0.252  1393 54 0.261  1393 55 0.252  1393 56 0.225  1393 57 0.198  1393 58 0.18  1393 59 0.162  1393 60 0.162  1393 61 0.144  1393 62 0.126  1393 63 0.09  1393 64 0.045  1393 65 0.018  1393 66 0.009  1393 67 0.009  1393 68 0.027  1393 69 0.036  1393 70 0.045  1393 71 0.036  1393 72 0.027  1393 73 0.027  1393 74 0.045  1393 75 0.063  1393 76 0.09  1393 77 0.117  1393 78 0.144  1393 79 0.162  1393 80 0.189  1393 81 0.207  1393 82 0.207  1393 83 0.216  1393 84 0.207  1393 85 0.198  1393 86 0.18  1393 87 0.162  1393 88 0.144  1393 89 0.126  1393 90 0.126  1393 91 0.144  1393 92 0.162  1393 93 0.171  1393 94 0.171  1393 95 0.162  
381 0 0.1001  381 1 0.0924  381 2 0.0847  381 3 0.077  381 4 0.0693  381 5 0.0616  381 6 0.0539  381 7 0.0462  381 8 0.0462  381 9 0.0462  381 10 0.0385  381 11 0.0308  381 12 0.0154  381 13 0.0077  381 14 0.0077  381 15 0.0231  381 16 0.0385  381 17 0.0539  381 18 0.0539  381 19 0.0539  381 20 0.0462  381 21 0.0385  381 22 0.0385  381 23 0.0462  381 24 0.0462  381 25 0.0462  381 26 0.0462  381 27 0.0462  381 28 0.0462  381 29 0.0385  381 30 0.0462  381 31 0.0539  381 32 0.0616  381 33 0.0693  381 34 0.0693  381 35 0.0616  381 36 0.0539  381 37 0.0539  381 38 0.0539  381 39 0.0616  381 40 0.0693  381 41 0.0693  381 42 0.0693  381 43 0.0539  381 44 0.0308  381 45 0.0154  381 46 0.0154  381 47 0.0154  381 48 0.0231  381 49 0.0308  381 50 0.0385  381 51 0.0462  381 52 0.0462  381 53 0.0539  381 54 0.0616  381 55 0.0693  381 56 0.077  381 57 0.0847  381 58 0.0847  381 59 0.0847  381 60 0.077  381 61 0.077  381 62 0.0693  381 63 0.077  381 64 0.077  381 65 0.077  381 66 0.0693  381 67 0.0616  381 68 0.0385  381 69 0.0308  381 70 0.0231  381 71 0.0231  381 72 0.0231  381 73 0.0231  381 74 0.0154  381 75 0.0154  381 76 0  381 77 0  381 78 0  381 79 0.0154  381 80 0.0308  381 81 0.0385  381 82 0.0385  381 83 0.0385  381 84 0.0308  381 85 0.0231  381 86 0.0308  381 87 0.0385  381 88 0.0616  381 89 0.0693  381 90 0.077  381 91 0.077  381 92 0.0693  381 93 0.0693  381 94 0.0693  381 95 0.077  
1114 0 0.056  1114 1 0.056  1114 2 0.056  1114 3 0.056  1114 4 0.048  1114 5 0.048  1114 6 0.056  1114 7 0.064  1114 8 0.08  1114 9 0.088  1114 10 0.088  1114 11 0.08  1114 12 0.064  1114 13 0.056  1114 14 0.048  1114 15 0.056  1114 16 0.064  1114 17 0.072  1114 18 0.08  1114 19 0.088  1114 20 0.096  1114 21 0.104  1114 22 0.112  1114 23 0.12  1114 24 0.128  1114 25 0.136  1114 26 0.144  1114 27 0.144  1114 28 0.136  1114 29 0.128  1114 30 0.128  1114 31 0.128  1114 32 0.128  1114 33 0.12  1114 34 0.112  1114 35 0.096  1114 36 0.08  1114 37 0.072  1114 38 0.064  1114 39 0.072  1114 40 0.072  1114 41 0.08  1114 42 0.08  1114 43 0.08  1114 44 0.08  1114 45 0.08  1114 46 0.088  1114 47 0.096  1114 48 0.112  1114 49 0.12  1114 50 0.128  1114 51 0.12  1114 52 0.112  1114 53 0.104  1114 54 0.096  1114 55 0.088  1114 56 0.072  1114 57 0.064  1114 58 0.056  1114 59 0.048  1114 60 0.032  1114 61 0.032  1114 62 0.032  1114 63 0.048  1114 64 0.064  1114 65 0.08  1114 66 0.088  1114 67 0.096  1114 68 0.096  1114 69 0.096  1114 70 0.104  1114 71 0.104  1114 72 0.12  1114 73 0.12  1114 74 0.128  1114 75 0.128  1114 76 0.128  1114 77 0.128  1114 78 0.128  1114 79 0.128  1114 80 0.128  1114 81 0.128  1114 82 0.12  1114 83 0.104  1114 84 0.08  1114 85 0.064  1114 86 0.056  1114 87 0.056  1114 88 0.056  1114 89 0.056  1114 90 0.048  1114 91 0.032  1114 92 0.008  1114 93 0  1114 94 0  1114 95 0.008  
2074 0 0.3198  2074 1 0.2964  2074 2 0.2652  2074 3 0.2418  2074 4 0.1872  2074 5 0.1482  2074 6 0.1326  2074 7 0.1404  2074 8 0.1638  2074 9 0.1794  2074 10 0.195  2074 11 0.2184  2074 12 0.2262  2074 13 0.2418  2074 14 0.2496  2074 15 0.2652  2074 16 0.2808  2074 17 0.2808  2074 18 0.273  2074 19 0.2496  2074 20 0.2184  2074 21 0.2028  2074 22 0.195  2074 23 0.2106  2074 24 0.2418  2074 25 0.2574  2074 26 0.2574  2074 27 0.2496  2074 28 0.234  2074 29 0.2262  2074 30 0.234  2074 31 0.2652  2074 32 0.3042  2074 33 0.3276  2074 34 0.3354  2074 35 0.3276  2074 36 0.3042  2074 37 0.2808  2074 38 0.2652  2074 39 0.2574  2074 40 0.2496  2074 41 0.2262  2074 42 0.195  2074 43 0.1482  2074 44 0.0858  2074 45 0.0546  2074 46 0.0546  2074 47 0.078  2074 48 0.1326  2074 49 0.156  2074 50 0.156  2074 51 0.1248  2074 52 0.0546  2074 53 0.0156  2074 54 0  2074 55 0.0078  2074 56 0.0468  2074 57 0.0702  2074 58 0.0702  2074 59 0.0702  2074 60 0.0546  2074 61 0.0468  2074 62 0.0546  2074 63 0.0702  2074 64 0.1092  2074 65 0.1248  2074 66 0.1404  2074 67 0.1326  2074 68 0.1248  2074 69 0.1248  2074 70 0.1482  2074 71 0.195  2074 72 0.2496  2074 73 0.2808  2074 74 0.2652  2074 75 0.2184  2074 76 0.1326  2074 77 0.078  2074 78 0.0468  2074 79 0.039  2074 80 0.0624  2074 81 0.078  2074 82 0.078  2074 83 0.0702  2074 84 0.0468  2074 85 0.0468  2074 86 0.078  2074 87 0.1248  2074 88 0.2028  2074 89 0.2574  2074 90 0.2964  2074 91 0.312  2074 92 0.3042  2074 93 0.2964  2074 94 0.2964  2074 95 0.3042  
997 0 0.2093  997 1 0.2002  997 2 0.2002  997 3 0.1911  997 4 0.1729  997 5 0.1638  997 6 0.1547  997 7 0.1547  997 8 0.1456  997 9 0.1365  997 10 0.1274  997 11 0.1183  997 12 0.091  997 13 0.091  997 14 0.1001  997 15 0.1183  997 16 0.1547  997 17 0.1638  997 18 0.1638  997 19 0.1365  997 20 0.1001  997 21 0.0728  997 22 0.0728  997 23 0.0819  997 24 0.1092  997 25 0.1365  997 26 0.1547  997 27 0.1729  997 28 0.182  997 29 0.2002  997 30 0.2184  997 31 0.2366  997 32 0.2548  997 33 0.2639  997 34 0.2639  997 35 0.2366  997 36 0.2093  997 37 0.182  997 38 0.1638  997 39 0.1547  997 40 0.1365  997 41 0.1274  997 42 0.1183  997 43 0.1001  997 44 0.091  997 45 0.091  997 46 0.1001  997 47 0.1274  997 48 0.1638  997 49 0.2002  997 50 0.2184  997 51 0.2275  997 52 0.2275  997 53 0.2275  997 54 0.2275  997 55 0.2366  997 56 0.2548  997 57 0.2548  997 58 0.2548  997 59 0.2457  997 60 0.2275  997 61 0.2093  997 62 0.1911  997 63 0.182  997 64 0.1638  997 65 0.1547  997 66 0.1274  997 67 0.1092  997 68 0.0819  997 69 0.0637  997 70 0.0455  997 71 0.0455  997 72 0.0455  997 73 0.0455  997 74 0.0546  997 75 0.0637  997 76 0.0819  997 77 0.1001  997 78 0.1274  997 79 0.1547  997 80 0.2002  997 81 0.2184  997 82 0.2184  997 83 0.2002  997 84 0.1638  997 85 0.1274  997 86 0.1001  997 87 0.0728  997 88 0.0455  997 89 0.0273  997 90 0.0182  997 91 0.0091  997 92 0  997 93 0.0091  997 94 0.0364  997 95 0.0728  
833 0 0.0092  833 1 0.0138  833 2 0.0138  833 3 0.0184  833 4 0.023  833 5 0.0276  833 6 0.0322  833 7 0.0322  833 8 0.0368  833 9 0.0368  833 10 0.0414  833 11 0.0414  833 12 0.046  833 13 0.046  833 14 0.046  833 15 0.0506  833 16 0.0506  833 17 0.0506  833 18 0.0552  833 19 0.0644  833 20 0.0736  833 21 0.0782  833 22 0.0782  833 23 0.0736  833 24 0.0644  833 25 0.0598  833 26 0.0598  833 27 0.0644  833 28 0.069  833 29 0.069  833 30 0.0736  833 31 0.069  833 32 0.0644  833 33 0.0644  833 34 0.0598  833 35 0.0552  833 36 0.0552  833 37 0.0552  833 38 0.0506  833 39 0.046  833 40 0.0414  833 41 0.0368  833 42 0.0322  833 43 0.0322  833 44 0.0322  833 45 0.0276  833 46 0.0276  833 47 0.023  833 48 0.0184  833 49 0.0184  833 50 0.0184  833 51 0.023  833 52 0.0368  833 53 0.0414  833 54 0.046  833 55 0.046  833 56 0.0414  833 57 0.0414  833 58 0.046  833 59 0.046  833 60 0.0506  833 61 0.0552  833 62 0.0552  833 63 0.0506  833 64 0.046  833 65 0.046  833 66 0.046  833 67 0.0414  833 68 0.046  833 69 0.0414  833 70 0.0368  833 71 0.0276  833 72 0.0138  833 73 0.0046  833 74 0  833 75 0  833 76 0.0046  833 77 0.0046  833 78 0.0046  833 79 0.0046  833 80 0.0046  833 81 0  833 82 0  833 83 0.0046  833 84 0.0046  833 85 0.0046  833 86 0.0092  833 87 0.0092  833 88 0.0138  833 89 0.0138  833 90 0.0184  833 91 0.0184  833 92 0.023  833 93 0.023  833 94 0.023  833 95 0.023  
1320 0 0.0357  1320 1 0.0357  1320 2 0.0357  1320 3 0.0357  1320 4 0.0357  1320 5 0.0357  1320 6 0.0306  1320 7 0.0306  1320 8 0.0255  1320 9 0.0255  1320 10 0.0408  1320 11 0.0561  1320 12 0.0867  1320 13 0.1071  1320 14 0.1275  1320 15 0.1377  1320 16 0.1428  1320 17 0.153  1320 18 0.1734  1320 19 0.204  1320 20 0.2448  1320 21 0.2601  1320 22 0.2601  1320 23 0.2448  1320 24 0.204  1320 25 0.1785  1320 26 0.1581  1320 27 0.153  1320 28 0.1581  1320 29 0.153  1320 30 0.1428  1320 31 0.1224  1320 32 0.0867  1320 33 0.0714  1320 34 0.0714  1320 35 0.0816  1320 36 0.1122  1320 37 0.1326  1320 38 0.1479  1320 39 0.1581  1320 40 0.1632  1320 41 0.1683  1320 42 0.1734  1320 43 0.1785  1320 44 0.1836  1320 45 0.1785  1320 46 0.1632  1320 47 0.1377  1320 48 0.0969  1320 49 0.0714  1320 50 0.051  1320 51 0.0459  1320 52 0.0459  1320 53 0.051  1320 54 0.051  1320 55 0.051  1320 56 0.051  1320 57 0.051  1320 58 0.0561  1320 59 0.0663  1320 60 0.0765  1320 61 0.0867  1320 62 0.0918  1320 63 0.0969  1320 64 0.0969  1320 65 0.102  1320 66 0.1122  1320 67 0.1326  1320 68 0.153  1320 69 0.1683  1320 70 0.1683  1320 71 0.1632  1320 72 0.1428  1320 73 0.1428  1320 74 0.153  1320 75 0.1785  1320 76 0.2193  1320 77 0.2448  1320 78 0.2499  1320 79 0.2397  1320 80 0.2142  1320 81 0.1938  1320 82 0.1836  1320 83 0.1785  1320 84 0.1836  1320 85 0.1734  1320 86 0.153  1320 87 0.1173  1320 88 0.0663  1320 89 0.0306  1320 90 0.0102  1320 91 0  1320 92 0.0051  1320 93 0.0153  1320 94 0.0204  1320 95 0.0204  
1084 0 0.0351  1084 1 0.0351  1084 2 0.0312  1084 3 0.0312  1084 4 0.0273  1084 5 0.0312  1084 6 0.039  1084 7 0.0546  1084 8 0.078  1084 9 0.0936  1084 10 0.1014  1084 11 0.1053  1084 12 0.1014  1084 13 0.0975  1084 14 0.0936  1084 15 0.0936  1084 16 0.0936  1084 17 0.0897  1084 18 0.0897  1084 19 0.0897  1084 20 0.0897  1084 21 0.0897  1084 22 0.0897  1084 23 0.0936  1084 24 0.0975  1084 25 0.0975  1084 26 0.0936  1084 27 0.0897  1084 28 0.0819  1084 29 0.078  1084 30 0.078  1084 31 0.078  1084 32 0.0858  1084 33 0.0858  1084 34 0.0858  1084 35 0.078  1084 36 0.0702  1084 37 0.0624  1084 38 0.0585  1084 39 0.0585  1084 40 0.0624  1084 41 0.0585  1084 42 0.0546  1084 43 0.0429  1084 44 0.0273  1084 45 0.0195  1084 46 0.0234  1084 47 0.0312  1084 48 0.0507  1084 49 0.0624  1084 50 0.0663  1084 51 0.0663  1084 52 0.0585  1084 53 0.0546  1084 54 0.0585  1084 55 0.0663  1084 56 0.0741  1084 57 0.0819  1084 58 0.0858  1084 59 0.0819  1084 60 0.078  1084 61 0.0741  1084 62 0.078  1084 63 0.0819  1084 64 0.0897  1084 65 0.0975  1084 66 0.0975  1084 67 0.0975  1084 68 0.0897  1084 69 0.0897  1084 70 0.0936  1084 71 0.0975  1084 72 0.1053  1084 73 0.1092  1084 74 0.1092  1084 75 0.1053  1084 76 0.0936  1084 77 0.0858  1084 78 0.0819  1084 79 0.0819  1084 80 0.0858  1084 81 0.0897  1084 82 0.0936  1084 83 0.0936  1084 84 0.0897  1084 85 0.0897  1084 86 0.0897  1084 87 0.0897  1084 88 0.0858  1084 89 0.0819  1084 90 0.0663  1084 91 0.0468  1084 92 0.0234  1084 93 0.0078  1084 94 0  1084 95 0.0039  
1631 0 0.3182  1631 1 0.2666  1631 2 0.215  1631 3 0.172  1631 4 0.0774  1631 5 0.0258  1631 6 0.0172  1631 7 0.043  1631 8 0.1204  1631 9 0.1548  1631 10 0.1548  1631 11 0.1118  1631 12 0.0344  1631 13 0  1631 14 0  1631 15 0.043  1631 16 0.1204  1631 17 0.172  1631 18 0.1978  1631 19 0.1978  1631 20 0.172  1631 21 0.172  1631 22 0.1892  1631 23 0.2408  1631 24 0.3096  1631 25 0.3526  1631 26 0.3612  1631 27 0.3354  1631 28 0.2838  1631 29 0.2494  1631 30 0.2408  1631 31 0.2494  1631 32 0.2752  1631 33 0.301  1631 34 0.3096  1631 35 0.3268  1631 36 0.3268  1631 37 0.344  1631 38 0.3698  1631 39 0.4042  1631 40 0.4386  1631 41 0.4644  1631 42 0.4644  1631 43 0.4472  1631 44 0.4214  1631 45 0.3956  1631 46 0.3698  1631 47 0.3526  1631 48 0.3268  1631 49 0.2924  1631 50 0.2408  1631 51 0.1806  1631 52 0.1032  1631 53 0.0688  1631 54 0.0688  1631 55 0.1032  1631 56 0.1806  1631 57 0.2236  1631 58 0.258  1631 59 0.258  1631 60 0.2494  1631 61 0.2494  1631 62 0.258  1631 63 0.2752  1631 64 0.3096  1631 65 0.3354  1631 66 0.344  1631 67 0.344  1631 68 0.3268  1631 69 0.3268  1631 70 0.3268  1631 71 0.3354  1631 72 0.3612  1631 73 0.3698  1631 74 0.3698  1631 75 0.3526  1631 76 0.3268  1631 77 0.3182  1631 78 0.3096  1631 79 0.3096  1631 80 0.3182  1631 81 0.3182  1631 82 0.3182  1631 83 0.301  1631 84 0.2666  1631 85 0.2494  1631 86 0.2322  1631 87 0.215  1631 88 0.215  1631 89 0.2064  1631 90 0.1892  1631 91 0.172  1631 92 0.1548  1631 93 0.1462  1631 94 0.1634  1631 95 0.1978  
177 0 0  177 1 0.0012  177 2 0.0024  177 3 0.0036  177 4 0.0048  177 5 0.0072  177 6 0.0084  177 7 0.0096  177 8 0.0108  177 9 0.012  177 10 0.0132  177 11 0.0156  177 12 0.018  177 13 0.0192  177 14 0.0192  177 15 0.018  177 16 0.0156  177 17 0.0144  177 18 0.0144  177 19 0.0156  177 20 0.018  177 21 0.0192  177 22 0.018  177 23 0.0168  177 24 0.0132  177 25 0.0108  177 26 0.0084  177 27 0.0072  177 28 0.0072  177 29 0.0072  177 30 0.006  177 31 0.006  177 32 0.0048  177 33 0.0048  177 34 0.0048  177 35 0.0048  177 36 0.006  177 37 0.006  177 38 0.0072  177 39 0.0072  177 40 0.006  177 41 0.0072  177 42 0.0072  177 43 0.0084  177 44 0.0108  177 45 0.012  177 46 0.0132  177 47 0.0132  177 48 0.012  177 49 0.012  177 50 0.0132  177 51 0.0144  177 52 0.0168  177 53 0.018  177 54 0.018  177 55 0.0156  177 56 0.012  177 57 0.0096  177 58 0.0084  177 59 0.0084  177 60 0.0084  177 61 0.0084  177 62 0.0072  177 63 0.006  177 64 0.0036  177 65 0.0024  177 66 0.0012  177 67 0.0012  177 68 0.0012  177 69 0.0012  177 70 0.0012  177 71 0.0012  177 72 0.0012  177 73 0.0012  177 74 0.0012  177 75 0.0024  177 76 0.0036  177 77 0.006  177 78 0.006  177 79 0.006  177 80 0.006  177 81 0.0072  177 82 0.0084  177 83 0.0108  177 84 0.0132  177 85 0.0144  177 86 0.0144  177 87 0.0132  177 88 0.012  177 89 0.0096  177 90 0.0084  177 91 0.0072  177 92 0.006  177 93 0.006  177 94 0.0048  177 95 0.0036  
2051 0 0.2838  2051 1 0.264  2051 2 0.2442  2051 3 0.2178  2051 4 0.1716  2051 5 0.1452  2051 6 0.1452  2051 7 0.1518  2051 8 0.1848  2051 9 0.2046  2051 10 0.198  2051 11 0.1782  2051 12 0.1386  2051 13 0.1188  2051 14 0.1188  2051 15 0.1386  2051 16 0.1782  2051 17 0.198  2051 18 0.198  2051 19 0.1848  2051 20 0.1452  2051 21 0.1254  2051 22 0.1254  2051 23 0.132  2051 24 0.165  2051 25 0.1848  2051 26 0.198  2051 27 0.2112  2051 28 0.2112  2051 29 0.2244  2051 30 0.2574  2051 31 0.3036  2051 32 0.3564  2051 33 0.3894  2051 34 0.396  2051 35 0.3828  2051 36 0.3366  2051 37 0.3036  2051 38 0.264  2051 39 0.2376  2051 40 0.2112  2051 41 0.1848  2051 42 0.1452  2051 43 0.1056  2051 44 0.0528  2051 45 0.033  2051 46 0.0396  2051 47 0.0726  2051 48 0.132  2051 49 0.1716  2051 50 0.1914  2051 51 0.1782  2051 52 0.1452  2051 53 0.1254  2051 54 0.1122  2051 55 0.1254  2051 56 0.1452  2051 57 0.1518  2051 58 0.1518  2051 59 0.1518  2051 60 0.132  2051 61 0.1254  2051 62 0.1122  2051 63 0.1056  2051 64 0.0924  2051 65 0.0792  2051 66 0.0594  2051 67 0.033  2051 68 0.0066  2051 69 0  2051 70 0.0132  2051 71 0.0528  2051 72 0.1188  2051 73 0.1584  2051 74 0.1782  2051 75 0.1716  2051 76 0.1452  2051 77 0.1254  2051 78 0.1254  2051 79 0.132  2051 80 0.1518  2051 81 0.165  2051 82 0.165  2051 83 0.165  2051 84 0.1518  2051 85 0.1518  2051 86 0.1782  2051 87 0.2178  2051 88 0.2706  2051 89 0.3102  2051 90 0.33  2051 91 0.33  2051 92 0.3102  2051 93 0.297  2051 94 0.2904  2051 95 0.2838  
330 0 0  330 1 0.0002  330 2 0.0005  330 3 0.0007  330 4 0.0011  330 5 0.0016  330 6 0.0018  330 7 0.0021  330 8 0.0023  330 9 0.0026  330 10 0.003  330 11 0.0034  330 12 0.0039  330 13 0.0041  330 14 0.0041  330 15 0.0039  330 16 0.0034  330 17 0.0031  330 18 0.0031  330 19 0.0034  330 20 0.0039  330 21 0.0042  330 22 0.0041  330 23 0.0036  330 24 0.0029  330 25 0.0023  330 26 0.0019  330 27 0.0017  330 28 0.0016  330 29 0.0016  330 30 0.0014  330 31 0.0013  330 32 0.001  330 33 0.001  330 34 0.001  330 35 0.0011  330 36 0.0013  330 37 0.0015  330 38 0.0016  330 39 0.0016  330 40 0.0015  330 41 0.0015  330 42 0.0017  330 43 0.002  330 44 0.0024  330 45 0.0027  330 46 0.0028  330 47 0.0028  330 48 0.0026  330 49 0.0026  330 50 0.0028  330 51 0.0032  330 52 0.0038  330 53 0.004  330 54 0.0039  330 55 0.0035  330 56 0.0028  330 57 0.0022  330 58 0.0019  330 59 0.0018  330 60 0.0018  330 61 0.0018  330 62 0.0016  330 63 0.0013  330 64 0.0008  330 65 0.0005  330 66 0.0003  330 67 0.0002  330 68 0.0003  330 69 0.0003  330 70 0.0003  330 71 0.0002  330 72 0.0002  330 73 0.0002  330 74 0.0003  330 75 0.0006  330 76 0.0009  330 77 0.0012  330 78 0.0014  330 79 0.0015  330 80 0.0014  330 81 0.0016  330 82 0.0019  330 83 0.0023  330 84 0.0029  330 85 0.0032  330 86 0.0033  330 87 0.0031  330 88 0.0026  330 89 0.0022  330 90 0.0019  330 91 0.0016  330 92 0.0014  330 93 0.0012  330 94 0.001  330 95 0.0007  
808 0 0.0198  808 1 0.0192  808 2 0.0186  808 3 0.018  808 4 0.0168  808 5 0.0156  808 6 0.015  808 7 0.0144  808 8 0.0138  808 9 0.0132  808 10 0.012  808 11 0.0108  808 12 0.009  808 13 0.0084  808 14 0.009  808 15 0.0114  808 16 0.0144  808 17 0.0156  808 18 0.015  808 19 0.0132  808 20 0.009  808 21 0.0072  808 22 0.0066  808 23 0.0072  808 24 0.0102  808 25 0.0126  808 26 0.0144  808 27 0.0162  808 28 0.0174  808 29 0.0186  808 30 0.0204  808 31 0.0222  808 32 0.024  808 33 0.0252  808 34 0.0246  808 35 0.0228  808 36 0.0198  808 37 0.0174  808 38 0.0156  808 39 0.0144  808 40 0.0132  808 41 0.012  808 42 0.0108  808 43 0.0096  808 44 0.0084  808 45 0.0084  808 46 0.0096  808 47 0.012  808 48 0.0156  808 49 0.0186  808 50 0.0204  808 51 0.021  808 52 0.021  808 53 0.021  808 54 0.0216  808 55 0.0228  808 56 0.024  808 57 0.024  808 58 0.024  808 59 0.0228  808 60 0.021  808 61 0.0198  808 62 0.018  808 63 0.0168  808 64 0.0156  808 65 0.0144  808 66 0.012  808 67 0.0102  808 68 0.0078  808 69 0.006  808 70 0.0042  808 71 0.0042  808 72 0.0042  808 73 0.0042  808 74 0.0048  808 75 0.006  808 76 0.0072  808 77 0.0096  808 78 0.012  808 79 0.015  808 80 0.0186  808 81 0.0204  808 82 0.0204  808 83 0.0186  808 84 0.0156  808 85 0.012  808 86 0.0096  808 87 0.0066  808 88 0.0042  808 89 0.003  808 90 0.0012  808 91 0.0006  808 92 0  808 93 0.0012  808 94 0.003  808 95 0.0072  
2070 0 0.0164  2070 1 0.0246  2070 2 0.0287  2070 3 0.0328  2070 4 0.0451  2070 5 0.0533  2070 6 0.0574  2070 7 0.0533  2070 8 0.0492  2070 9 0.0492  2070 10 0.0492  2070 11 0.0574  2070 12 0.0656  2070 13 0.0697  2070 14 0.0697  2070 15 0.0615  2070 16 0.0492  2070 17 0.041  2070 18 0.0369  2070 19 0.0369  2070 20 0.041  2070 21 0.041  2070 22 0.041  2070 23 0.0369  2070 24 0.0328  2070 25 0.0328  2070 26 0.0287  2070 27 0.0287  2070 28 0.0287  2070 29 0.0287  2070 30 0.0246  2070 31 0.0246  2070 32 0.0205  2070 33 0.0205  2070 34 0.0246  2070 35 0.0287  2070 36 0.0328  2070 37 0.041  2070 38 0.041  2070 39 0.041  2070 40 0.041  2070 41 0.0369  2070 42 0.0328  2070 43 0.0287  2070 44 0.0246  2070 45 0.0205  2070 46 0.0164  2070 47 0.0123  2070 48 0.0082  2070 49 0.0041  2070 50 0.0041  2070 51 0.0082  2070 52 0.0123  2070 53 0.0164  2070 54 0.0205  2070 55 0.0246  2070 56 0.0287  2070 57 0.0287  2070 58 0.0328  2070 59 0.0369  2070 60 0.041  2070 61 0.041  2070 62 0.041  2070 63 0.041  2070 64 0.0369  2070 65 0.0369  2070 66 0.041  2070 67 0.0492  2070 68 0.0574  2070 69 0.0615  2070 70 0.0656  2070 71 0.0615  2070 72 0.0533  2070 73 0.0492  2070 74 0.0492  2070 75 0.0451  2070 76 0.0492  2070 77 0.0451  2070 78 0.041  2070 79 0.0287  2070 80 0.0164  2070 81 0.0082  2070 82 0.0041  2070 83 0  2070 84 0  2070 85 0  2070 86 0.0041  2070 87 0  2070 88 0  2070 89 0.0041  2070 90 0.0041  2070 91 0.0082  2070 92 0.0164  2070 93 0.0205  2070 94 0.0205  2070 95 0.0205  
818 0 0.0672  818 1 0.0576  818 2 0.048  818 3 0.0384  818 4 0.0192  818 5 0.0096  818 6 0  818 7 0.0096  818 8 0.0288  818 9 0.0384  818 10 0.0384  818 11 0.0288  818 12 0.0096  818 13 0  818 14 0  818 15 0.0096  818 16 0.0288  818 17 0.0384  818 18 0.048  818 19 0.048  818 20 0.0384  818 21 0.0384  818 22 0.048  818 23 0.0576  818 24 0.0672  818 25 0.0768  818 26 0.0768  818 27 0.0768  818 28 0.0672  818 29 0.0576  818 30 0.0576  818 31 0.0576  818 32 0.0576  818 33 0.0672  818 34 0.0672  818 35 0.0768  818 36 0.0768  818 37 0.0768  818 38 0.0864  818 39 0.0864  818 40 0.096  818 41 0.1056  818 42 0.1056  818 43 0.1056  818 44 0.096  818 45 0.0864  818 46 0.0864  818 47 0.0768  818 48 0.0768  818 49 0.0672  818 50 0.0576  818 51 0.0384  818 52 0.0288  818 53 0.0192  818 54 0.0192  818 55 0.0192  818 56 0.0384  818 57 0.048  818 58 0.0576  818 59 0.0576  818 60 0.0576  818 61 0.0576  818 62 0.0576  818 63 0.0672  818 64 0.0672  818 65 0.0768  818 66 0.0768  818 67 0.0768  818 68 0.0768  818 69 0.0768  818 70 0.0768  818 71 0.0768  818 72 0.0864  818 73 0.0864  818 74 0.0864  818 75 0.0768  818 76 0.0768  818 77 0.0672  818 78 0.0672  818 79 0.0672  818 80 0.0768  818 81 0.0768  818 82 0.0672  818 83 0.0672  818 84 0.0576  818 85 0.0576  818 86 0.0576  818 87 0.048  818 88 0.048  818 89 0.048  818 90 0.048  818 91 0.0384  818 92 0.0384  818 93 0.0384  818 94 0.0384  818 95 0.048  
71 0 0.0651  71 1 0.0744  71 2 0.0837  71 3 0.1023  71 4 0.1302  71 5 0.1395  71 6 0.1302  71 7 0.1023  71 8 0.0744  71 9 0.0465  71 10 0.0372  71 11 0.0465  71 12 0.0651  71 13 0.0744  71 14 0.093  71 15 0.1023  71 16 0.1023  71 17 0.1209  71 18 0.1395  71 19 0.1674  71 20 0.1953  71 21 0.2232  71 22 0.2511  71 23 0.2697  71 24 0.2883  71 25 0.3162  71 26 0.3534  71 27 0.3999  71 28 0.4557  71 29 0.4836  71 30 0.4836  71 31 0.4464  71 32 0.3906  71 33 0.3441  71 34 0.3162  71 35 0.3069  71 36 0.3069  71 37 0.2883  71 38 0.2511  71 39 0.186  71 40 0.1023  71 41 0.0465  71 42 0.0186  71 43 0.0186  71 44 0.0465  71 45 0.0651  71 46 0.0744  71 47 0.0744  71 48 0.0558  71 49 0.0558  71 50 0.0651  71 51 0.0837  71 52 0.1209  71 53 0.1488  71 54 0.1674  71 55 0.1767  71 56 0.186  71 57 0.1953  71 58 0.2139  71 59 0.2325  71 60 0.2604  71 61 0.2604  71 62 0.2418  71 63 0.1953  71 64 0.1302  71 65 0.0744  71 66 0.0465  71 67 0.0279  71 68 0.0279  71 69 0.0186  71 70 0.0186  71 71 0.0093  71 72 0  71 73 0.0093  71 74 0.0279  71 75 0.0651  71 76 0.1116  71 77 0.1488  71 78 0.1767  71 79 0.186  71 80 0.186  71 81 0.1953  71 82 0.1953  71 83 0.2139  71 84 0.2232  71 85 0.2232  71 86 0.2046  71 87 0.1674  71 88 0.1209  71 89 0.0744  71 90 0.0558  71 91 0.0651  71 92 0.0837  71 93 0.093  71 94 0.093  71 95 0.093  
796 0 0.051  796 1 0.0663  796 2 0.0765  796 3 0.0867  796 4 0.1071  796 5 0.1173  796 6 0.1224  796 7 0.1173  796 8 0.102  796 9 0.0918  796 10 0.0969  796 11 0.1071  796 12 0.1224  796 13 0.1326  796 14 0.1326  796 15 0.1224  796 16 0.1071  796 17 0.0969  796 18 0.0969  796 19 0.102  796 20 0.1173  796 21 0.1275  796 22 0.1326  796 23 0.1275  796 24 0.1122  796 25 0.102  796 26 0.0969  796 27 0.0918  796 28 0.0918  796 29 0.0816  796 30 0.0663  796 31 0.0459  796 32 0.0204  796 33 0.0051  796 34 0  796 35 0.0051  796 36 0.0306  796 37 0.0459  796 38 0.0612  796 39 0.0765  796 40 0.0867  796 41 0.102  796 42 0.1173  796 43 0.1428  796 44 0.1632  796 45 0.1734  796 46 0.1734  796 47 0.153  796 48 0.1275  796 49 0.1071  796 50 0.0969  796 51 0.1071  796 52 0.1224  796 53 0.1326  796 54 0.1326  796 55 0.1326  796 56 0.1224  796 57 0.1173  796 58 0.1173  796 59 0.1173  796 60 0.1275  796 61 0.1326  796 62 0.1377  796 63 0.1428  796 64 0.1428  796 65 0.153  796 66 0.1632  796 67 0.1734  796 68 0.1887  796 69 0.1887  796 70 0.1836  796 71 0.1632  796 72 0.1326  796 73 0.1122  796 74 0.1071  796 75 0.1071  796 76 0.1224  796 77 0.1275  796 78 0.1326  796 79 0.1275  796 80 0.1173  796 81 0.1122  796 82 0.1122  796 83 0.1122  796 84 0.1173  796 85 0.1173  796 86 0.1071  796 87 0.0867  796 88 0.0612  796 89 0.0408  796 90 0.0306  796 91 0.0306  796 92 0.0408  796 93 0.0459  796 94 0.051  796 95 0.051  
1099 0 0.0435  1099 1 0.0348  1099 2 0.0348  1099 3 0.0261  1099 4 0.0261  1099 5 0.0261  1099 6 0.0435  1099 7 0.0696  1099 8 0.1131  1099 9 0.1305  1099 10 0.1479  1099 11 0.1392  1099 12 0.1218  1099 13 0.1044  1099 14 0.0957  1099 15 0.0957  1099 16 0.1044  1099 17 0.0957  1099 18 0.0957  1099 19 0.0783  1099 20 0.0609  1099 21 0.0522  1099 22 0.0609  1099 23 0.087  1099 24 0.1131  1099 25 0.1305  1099 26 0.1218  1099 27 0.1044  1099 28 0.0609  1099 29 0.0348  1099 30 0.0174  1099 31 0.0174  1099 32 0.0261  1099 33 0.0348  1099 34 0.0435  1099 35 0.0609  1099 36 0.0783  1099 37 0.0957  1099 38 0.1131  1099 39 0.1392  1099 40 0.1653  1099 41 0.1827  1099 42 0.1914  1099 43 0.174  1099 44 0.1566  1099 45 0.1392  1099 46 0.1305  1099 47 0.1305  1099 48 0.1392  1099 49 0.1305  1099 50 0.1131  1099 51 0.087  1099 52 0.0435  1099 53 0.0174  1099 54 0  1099 55 0  1099 56 0.0261  1099 57 0.0348  1099 58 0.0348  1099 59 0.0261  1099 60 0.0087  1099 61 0.0087  1099 62 0.0261  1099 63 0.0522  1099 64 0.1044  1099 65 0.1305  1099 66 0.1479  1099 67 0.1566  1099 68 0.1392  1099 69 0.1305  1099 70 0.1218  1099 71 0.1131  1099 72 0.1131  1099 73 0.1044  1099 74 0.087  1099 75 0.0609  1099 76 0.0261  1099 77 0.0087  1099 78 0.0087  1099 79 0.0261  1099 80 0.0522  1099 81 0.0696  1099 82 0.0783  1099 83 0.0783  1099 84 0.0609  1099 85 0.0609  1099 86 0.0696  1099 87 0.0957  1099 88 0.1305  1099 89 0.1566  1099 90 0.1479  1099 91 0.1305  1099 92 0.087  1099 93 0.0609  1099 94 0.0435  1099 95 0.0348  

7117 0 0  7117 1 0  7117 2 0  7117 3 0  7117 4 0  7117 5 0  7117 6 0  7117 7 0  7117 8 0  7117 9 0  7117 10 0  7117 11 0  7117 12 0  7117 13 0  7117 14 0  7117 15 0  7117 16 0  7117 17 0  7117 18 0  7117 19 0  7117 20 0  7117 21 0  7117 22 0  7117 23 0  7117 24 0  7117 25 0  7117 26 0  7117 27 0  7117 28 0  7117 29 0  7117 30 0  7117 31 0  7117 32 0  7117 33 0  7117 34 0  7117 35 0  7117 36 0  7117 37 0  7117 38 0  7117 39 0  7117 40 0  7117 41 0  7117 42 0  7117 43 0  7117 44 0  7117 45 0  7117 46 0  7117 47 0  7117 48 0  7117 49 0  7117 50 0  7117 51 0  7117 52 0  7117 53 0  7117 54 0  7117 55 0  7117 56 0  7117 57 0  7117 58 0  7117 59 0  7117 60 0  7117 61 0  7117 62 0  7117 63 0  7117 64 0  7117 65 0  7117 66 0  7117 67 0  7117 68 0  7117 69 0  7117 70 0  7117 71 0  7117 72 0  7117 73 0  7117 74 0  7117 75 0  7117 76 0  7117 77 0  7117 78 0  7117 79 0  7117 80 0  7117 81 0  7117 82 0  7117 83 0  7117 84 0  7117 85 0  7117 86 0  7117 87 0  7117 88 0  7117 89 0  7117 90 0  7117 91 0  7117 92 0  7117 93 0  7117 94 0  7117 95 0  
;

param t := 
2117 2109 0.380293  
2117 563 0.25352  
2117 1408 0.1269  
2117 2049 0.13585  
2117 430 0.209462  
2117 922 0.154252  
2117 1393 0.105551  
2117 381 0.328204  
2117 1114 0.146793  
2117 2074 0.0552408  
2117 997 0.266192  
2117 833 0.21127  
2117 1320 0.12387  
2117 1084 0.205483  
2117 1631 0.306593  
2117 177 0.395161  
2117 2051 0.0528961  
2117 330 0.355959  
2117 808 0.246619  
2117 2070 0.249726  
2117 818 0.257622  
2117 71 0.481677  
2117 796 0.284224  
2117 1099 0.181838  
2109 7117 0.379241  
2109 563 0.150715  
2109 1408 0.394358  
2109 2049 0.256455  
2109 430 0.220232  
2109 922 0.324416  
2109 1393 0.375153  
2109 381 0.290495  
2109 1114 0.234836  
2109 2074 0.359452  
2109 997 0.194786  
2109 833 0.34397  
2109 1320 0.48023  
2109 1084 0.179  
2109 1631 0.381893  
2109 177 0.182922  
2109 2051 0.311989  
2109 330 0.300454  
2109 808 0.36505  
2109 2070 0.548242  
2109 818 0.410356  
2109 71 0.451484  
2109 796 0.4916  
2109 1099 0.209077  
563 7117 0.251748  
563 2109 0.181133  
563 1408 0.298087  
563 2049 0.165112  
563 430 0.0856291  
563 922 0.194175  
563 1393 0.278881  
563 381 0.163248  
563 1114 0.138699  
563 2074 0.247829  
563 997 0.103306  
563 833 0.211164  
563 1320 0.324807  
563 1084 0.0942467  
563 1631 0.321617  
563 177 0.144283  
563 2051 0.200625  
563 330 0.193237  
563 808 0.22752  
563 2070 0.376806  
563 818 0.277908  
563 71 0.36416  
563 796 0.36292  
563 1099 0.124323  
1408 7117 0.141292  
1408 2109 0.393219  
1408 563 0.296923  
1408 2049 0.149738  
1408 430 0.33038  
1408 922 0.289339  
1408 1393 0.0336647  
1408 381 0.455164  
1408 1114 0.176653  
1408 2074 0.111143  
1408 997 0.304538  
1408 833 0.348219  
1408 1320 0.210479  
1408 1084 0.218104  
1408 1631 0.227901  
1408 177 0.438102  
1408 2051 0.176981  
1408 330 0.482919  
1408 808 0.389047  
1408 2070 0.379582  
1408 818 0.389494  
1408 71 0.619423  
1408 796 0.424833  
1408 1099 0.199123  
2049 7117 0.152114  
2049 2109 0.279693  
2049 563 0.189381  
2049 1408 0.163084  
2049 430 0.235924  
2049 922 0.217126  
2049 1393 0.141735  
2049 381 0.339048  
2049 1114 0.0834593  
2049 2074 0.11688  
2049 997 0.156251  
2049 833 0.284474  
2049 1320 0.262111  
2049 1084 0.0791616  
2049 1631 0.26159  
2049 177 0.303446  
2049 2051 0.116197  
2049 330 0.366802  
2049 808 0.32997  
2049 2070 0.366625  
2049 818 0.359211  
2049 71 0.534881  
2049 796 0.412  
2049 1099 0.049385  
430 7117 0.186262  
430 2109 0.228193  
430 563 0.0703824  
430 1408 0.310796  
430 2049 0.236966  
430 922 0.114947  
430 1393 0.29159  
430 381 0.12281  
430 1114 0.185496  
430 2074 0.220377  
430 997 0.150365  
430 833 0.131935  
430 1320 0.218155  
430 1084 0.1661  
430 1631 0.392167  
430 177 0.181121  
430 2051 0.16539  
430 330 0.152799  
430 808 0.16143  
430 2070 0.295668  
430 818 0.203888  
430 71 0.32139  
430 796 0.289859  
430 1099 0.196177  
922 7117 0.153177  
922 2109 0.335536  
922 563 0.17903  
922 1408 0.278446  
922 2049 0.224095  
922 430 0.117193  
922 1393 0.25924  
922 381 0.191586  
922 1114 0.186523  
922 2074 0.204  
922 997 0.266359  
922 833 0.0689861  
922 1320 0.153451  
922 1084 0.213343  
922 1631 0.456852  
922 177 0.285628  
922 2051 0.147728  
922 330 0.221576  
922 808 0.109039  
922 2070 0.215184  
922 818 0.142331  
922 71 0.346205  
922 796 0.20568  
922 1099 0.221637  
1393 7117 0.107627  
1393 2109 0.358504  
1393 563 0.264507  
1393 1408 0.0340726  
1393 2049 0.116074  
1393 430 0.294789  
1393 922 0.255403  
1393 381 0.419573  
1393 1114 0.142988  
1393 2074 0.0774778  
1393 997 0.270473  
1393 833 0.311575  
1393 1320 0.176815  
1393 1084 0.18444  
1393 1631 0.228278  
1393 177 0.404337  
1393 2051 0.143316  
1393 330 0.447328  
1393 808 0.352403  
1393 2070 0.345868  
1393 818 0.353337  
1393 71 0.580164  
1393 796 0.388677  
1393 1099 0.165459  
381 7117 0.257724  
381 2109 0.306278  
381 563 0.148596  
381 1408 0.378329  
381 2049 0.315648  
381 430 0.116285  
381 922 0.173824  
381 1393 0.359123  
381 1114 0.260432  
381 2074 0.307441  
381 997 0.228578  
381 833 0.14309  
381 1320 0.262013  
381 1084 0.240509  
381 1631 0.464638  
381 177 0.190799  
381 2051 0.273651  
381 330 0.051735  
381 808 0.114295  
381 2070 0.285781  
381 818 0.172248  
381 71 0.216257  
381 796 0.27992  
381 1099 0.270906  
1114 7117 0.13933  
1114 2109 0.289268  
1114 563 0.153247  
1114 1408 0.188663  
1114 2049 0.0825492  
1114 430 0.154656  
1114 922 0.142529  
1114 1393 0.167314  
1114 381 0.270583  
1114 2074 0.115571  
1114 997 0.165802  
1114 833 0.207379  
1114 1320 0.238287  
1114 1084 0.101626  
1114 1631 0.316232  
1114 177 0.28675  
1114 2051 0.0879779  
1114 330 0.298337  
1114 808 0.247432  
1114 2070 0.33013  
1114 818 0.275256  
1114 71 0.468572  
1114 796 0.354531  
1114 1099 0.0719455  
2074 7117 0.073079  
2074 2109 0.364169  
2074 563 0.216669  
2074 1408 0.111602  
2074 2049 0.0806089  
2074 430 0.227611  
2074 922 0.190002  
2074 1393 0.0902539  
2074 381 0.346065  
2074 1114 0.0936784  
2074 997 0.228173  
2074 833 0.25216  
2074 1320 0.172036  
2074 1084 0.156618  
2074 1631 0.289013  
2074 177 0.350963  
2074 2051 0.0668016  
2074 330 0.373819  
2074 808 0.292679  
2074 2070 0.286805  
2074 818 0.298495  
2074 71 0.526122  
2074 796 0.328919  
2074 1099 0.126598  
997 7117 0.253284  
997 2109 0.177887  
997 563 0.107892  
997 1408 0.280141  
997 2049 0.146545  
997 430 0.202075  
997 922 0.259727  
997 1393 0.260935  
997 381 0.255319  
997 1114 0.125741  
997 2074 0.229504  
997 833 0.307958  
997 1320 0.352954  
997 1084 0.0699058  
997 1631 0.298254  
997 177 0.213767  
997 2051 0.202362  
997 330 0.284059  
997 808 0.336745  
997 2070 0.444301  
997 818 0.382051  
997 71 0.454294  
997 796 0.463295  
997 1099 0.0999825  
833 7117 0.136632  
833 2109 0.351245  
833 563 0.195049  
833 1408 0.264429  
833 2049 0.294096  
833 430 0.133212  
833 922 0.0647082  
833 1393 0.242183  
833 381 0.127416  
833 1114 0.244407  
833 2074 0.191873  
833 997 0.295531  
833 1320 0.131153  
833 1084 0.243181  
833 1631 0.426748  
833 177 0.274948  
833 2051 0.21147  
833 330 0.157405  
833 808 0.0400529  
833 2070 0.166773  
833 818 0.0733452  
833 71 0.270422  
833 796 0.155886  
833 1099 0.266062  
1320 7117 0.084683  
1320 2109 0.460694  
1320 563 0.276972  
1320 1408 0.22834  
1320 2049 0.220533  
1320 430 0.216071  
1320 922 0.148504  
1320 1393 0.190234  
1320 381 0.286193  
1320 1114 0.231476  
1320 2074 0.139924  
1320 997 0.353819  
1320 833 0.1685  
1320 1084 0.302714  
1320 1631 0.389767  
1320 177 0.379877  
1320 2051 0.137579  
1320 330 0.313947  
1320 808 0.188815  
1320 2070 0.176597  
1320 818 0.200294  
1320 71 0.424623  
1320 796 0.220681  
1320 1099 0.266511  
1084 7117 0.215371  
1084 2109 0.226564  
1084 563 0.155058  
1084 1408 0.226341  
1084 2049 0.0774066  
1084 430 0.221726  
1084 922 0.222641  
1084 1393 0.204993  
1084 381 0.305872  
1084 1114 0.0934668  
1084 2074 0.185222  
1084 997 0.102925  
1084 833 0.290688  
1084 1320 0.31637  
1084 1631 0.240633  
1084 177 0.270196  
1084 2051 0.170088  
1084 330 0.333626  
1084 808 0.336184  
1084 2070 0.409311  
1084 818 0.365425  
1084 71 0.503986  
1084 796 0.433279  
1084 1099 0.0677081  
1631 7117 0.315101  
1631 2109 0.412523  
1631 563 0.420052  
1631 1408 0.248834  
1631 2049 0.292493  
1631 430 0.507107  
1631 922 0.457793  
1631 1393 0.247895  
1631 381 0.565277  
1631 1114 0.353294  
1631 2074 0.295311  
1631 997 0.379209  
1631 833 0.520101  
1631 1320 0.412394  
1631 1084 0.267236  
1631 177 0.548477  
1631 2051 0.356044  
1631 330 0.59637  
1631 808 0.553859  
1631 2070 0.555585  
1631 818 0.566263  
1631 71 0.800449  
1631 796 0.597233  
1631 1099 0.313452  
177 7117 0.357333  
177 2109 0.188113  
177 563 0.127328  
177 1408 0.396568  
177 2049 0.268366  
177 430 0.179669  
177 922 0.284748  
177 1393 0.377363  
177 381 0.186256  
177 1114 0.247723  
177 2074 0.349745  
177 997 0.19061  
177 833 0.26868  
177 1320 0.411988  
177 1084 0.197903  
177 1631 0.419912  
177 2051 0.3133  
177 330 0.193517  
177 808 0.266525  
177 2070 0.44518  
177 818 0.29619  
177 71 0.351061  
177 796 0.415933  
177 1099 0.22798  
2051 7117 0.0513524  
2051 2109 0.336255  
2051 563 0.201095  
2051 1408 0.170979  
2051 2049 0.127946  
2051 430 0.168485  
2051 922 0.147101  
2051 1393 0.14963  
2051 381 0.286604  
2051 1114 0.0938967  
2051 2074 0.0706116  
2051 997 0.213891  
2051 833 0.211951  
2051 1320 0.150309  
2051 1084 0.160228  
2051 1631 0.354889  
2051 177 0.337685  
2051 330 0.314358  
2051 808 0.246937  
2051 2070 0.266724  
2051 818 0.274701  
2051 71 0.484593  
2051 796 0.305712  
2051 1099 0.132901  
330 7117 0.26735  
330 2109 0.372543  
330 563 0.203312  
330 1408 0.387955  
330 2049 0.373573  
330 430 0.171001  
330 922 0.215389  
330 1393 0.36875  
330 381 0.0764613  
330 1114 0.319079  
330 2074 0.317067  
330 997 0.282124  
330 833 0.153288  
330 1320 0.281837  
330 1084 0.299085  
330 1631 0.527626  
330 177 0.246852  
330 2051 0.313498  
330 808 0.112181  
330 2070 0.258403  
330 818 0.120513  
330 71 0.164522  
330 796 0.216271  
330 1099 0.328832  
808 7117 0.156199  
808 2109 0.380635  
808 563 0.224597  
808 1408 0.281394  
808 2049 0.290165  
808 430 0.174319  
808 922 0.103208  
808 1393 0.262189  
808 381 0.100064  
808 1114 0.285796  
808 2074 0.21144  
808 997 0.301596  
808 833 0.0411073  
808 1320 0.15072  
808 1084 0.283908  
808 1631 0.459676  
808 177 0.272767  
808 2051 0.209095  
808 330 0.130053  
808 2070 0.18634  
808 818 0.0747704  
808 71 0.244113  
808 796 0.172186  
808 1099 0.310798  
2070 7117 0.17635  
2070 2109 0.510153  
2070 563 0.354042  
2070 1408 0.301197  
2070 2049 0.311268  
2070 430 0.288364  
2070 922 0.20033  
2070 1393 0.281992  
2070 381 0.296912  
2070 1114 0.325448  
2070 2074 0.231591  
2070 997 0.442606  
2070 833 0.179755  
2070 1320 0.171691  
2070 1084 0.391501  
2070 1631 0.476067  
2070 177 0.439211  
2070 2051 0.229246  
2070 330 0.324666  
2070 808 0.20007  
2070 818 0.177327  
2070 71 0.400873  
2070 796 0.125784  
2070 1099 0.352238  
818 7117 0.186721  
818 2109 0.422562  
818 563 0.266025  
818 1408 0.311217  
818 2049 0.322096  
818 430 0.204841  
818 922 0.13373  
818 1393 0.292012  
818 381 0.148383  
818 1114 0.316211  
818 2074 0.241962  
818 997 0.366015  
818 833 0.0716292  
818 1320 0.181242  
818 1084 0.314909  
818 1631 0.483869  
818 177 0.316695  
818 2051 0.239617  
818 330 0.178372  
818 808 0.0610201  
818 2070 0.167327  
818 71 0.281617  
818 796 0.125066  
818 1099 0.341821  
71 7117 0.437116  
71 2109 0.494044  
71 563 0.354971  
71 1408 0.556065  
71 2049 0.529115  
71 430 0.317768  
71 922 0.367424  
71 1393 0.538119  
71 381 0.228388  
71 1114 0.471403  
71 2074 0.486833  
71 997 0.432469  
71 833 0.303111  
71 1320 0.446167  
71 1084 0.455931  
71 1631 0.693648  
71 177 0.365909  
71 2051 0.484136  
71 330 0.258431  
71 808 0.262306  
71 2070 0.425989  
71 818 0.257007  
71 796 0.347739  
71 1099 0.485678  
796 7117 0.213778  
796 2109 0.506199  
796 563 0.350085  
796 1408 0.336673  
796 2049 0.346327  
796 430 0.284407  
796 922 0.21993  
796 1393 0.317468  
796 381 0.256477  
796 1114 0.362525  
796 2074 0.266193  
796 997 0.427583  
796 833 0.167331  
796 1320 0.208299  
796 1084 0.408844  
796 1631 0.508276  
796 177 0.429043  
796 2051 0.266412  
796 330 0.285087  
796 808 0.16876  
796 2070 0.119459  
796 818 0.130263  
796 71 0.391612  
796 1099 0.387298  
1099 7117 0.175503  
1099 2109 0.249681  
1099 563 0.15001  
1099 1408 0.193075  
1099 2049 0.0478544  
1099 430 0.198159  
1099 922 0.186032  
1099 1393 0.171727  
1099 381 0.301158  
1099 1114 0.0435027  
1099 2074 0.140765  
1099 997 0.126042  
1099 833 0.250917  
1099 1320 0.275654  
1099 1084 0.049197  
1099 1631 0.274491  
1099 177 0.273809  
1099 2051 0.124151  
1099 330 0.328912  
1099 808 0.296413  
1099 2070 0.373248  
1099 818 0.325654  
1099 71 0.499147  
1099 796 0.396662  
;

