param o := 1483 ;
param s := 6483 ;

set R := 1724 1293 1470 888 1840 1406 789 741 1567 256 1699 1538 2050 1088 717 1542 1510 284 1213 502 2060 1320 225 1559 ;
set M := 0 1 2 3 4 5 6 7 8 9 10 11 12 13 14 15 16 17 18 19 20 21 22 23 24 25 26 27 28 29 30 31 32 33 34 35 36 37 38 39 40 41 42 43 44 45 46 47 48 49 50 51 52 53 54 55 56 57 58 59 60 61 62 63 64 65 66 67 68 69 70 71 72 73 74 75 76 77 78 79 80 81 82 83 84 85 86 87 88 89 90 91 92 93 94 95 ;
param TTI := 
0 0
1 0.25
2 0.5
3 0.75
4 1
5 1.25
6 1.5
7 1.75
8 2
9 2.25
10 2.5
11 2.75
12 3
13 3.25
14 3.5
15 3.75
16 4
17 4.25
18 4.5
19 4.75
20 5
21 5.25
22 5.5
23 5.75
24 6
25 6.25
26 6.5
27 6.75
28 7
29 7.25
30 7.5
31 7.75
32 8
33 8.25
34 8.5
35 8.75
36 9
37 9.25
38 9.5
39 9.75
40 10
41 10.25
42 10.5
43 10.75
44 11
45 11.25
46 11.5
47 11.75
48 12
49 12.25
50 12.5
51 12.75
52 13
53 13.25
54 13.5
55 13.75
56 14
57 14.25
58 14.5
59 14.75
60 15
61 15.25
62 15.5
63 15.75
64 16
65 16.25
66 16.5
67 16.75
68 17
69 17.25
70 17.5
71 17.75
72 18
73 18.25
74 18.5
75 18.75
76 19
77 19.25
78 19.5
79 19.75
80 20
81 20.25
82 20.5
83 20.75
84 21
85 21.25
86 21.5
87 21.75
88 22
89 22.25
90 22.5
91 22.75
92 23
93 23.25
94 23.5
95 23.75
;

param TTF := 
0 0.25
1 0.5
2 0.75
3 1
4 1.25
5 1.5
6 1.75
7 2
8 2.25
9 2.5
10 2.75
11 3
12 3.25
13 3.5
14 3.75
15 4
16 4.25
17 4.5
18 4.75
19 5
20 5.25
21 5.5
22 5.75
23 6
24 6.25
25 6.5
26 6.75
27 7
28 7.25
29 7.5
30 7.75
31 8
32 8.25
33 8.5
34 8.75
35 9
36 9.25
37 9.5
38 9.75
39 10
40 10.25
41 10.5
42 10.75
43 11
44 11.25
45 11.5
46 11.75
47 12
48 12.25
49 12.5
50 12.75
51 13
52 13.25
53 13.5
54 13.75
55 14
56 14.25
57 14.5
58 14.75
59 15
60 15.25
61 15.5
62 15.75
63 16
64 16.25
65 16.5
66 16.75
67 17
68 17.25
69 17.5
70 17.75
71 18
72 18.25
73 18.5
74 18.75
75 19
76 19.25
77 19.5
78 19.75
79 20
80 20.25
81 20.5
82 20.75
83 21
84 21.25
85 21.5
86 21.75
87 22
88 22.25
89 22.5
90 22.75
91 23
92 23.25
93 23.5
94 23.75
95 24
;

param tf := 
1483 0 0.0098  1483 1 0.0098  1483 2 0.0098  1483 3 0.0147  1483 4 0.0196  1483 5 0.0196  1483 6 0.0245  1483 7 0.0245  1483 8 0.0294  1483 9 0.0294  1483 10 0.0294  1483 11 0.0343  1483 12 0.0343  1483 13 0.0343  1483 14 0.0392  1483 15 0.0392  1483 16 0.0392  1483 17 0.0392  1483 18 0.0441  1483 19 0.049  1483 20 0.0539  1483 21 0.0588  1483 22 0.0588  1483 23 0.0539  1483 24 0.049  1483 25 0.049  1483 26 0.0441  1483 27 0.049  1483 28 0.0539  1483 29 0.0539  1483 30 0.0539  1483 31 0.0539  1483 32 0.049  1483 33 0.049  1483 34 0.0441  1483 35 0.0441  1483 36 0.0441  1483 37 0.0392  1483 38 0.0392  1483 39 0.0343  1483 40 0.0294  1483 41 0.0294  1483 42 0.0245  1483 43 0.0245  1483 44 0.0245  1483 45 0.0245  1483 46 0.0196  1483 47 0.0196  1483 48 0.0147  1483 49 0.0147  1483 50 0.0147  1483 51 0.0196  1483 52 0.0245  1483 53 0.0343  1483 54 0.0343  1483 55 0.0343  1483 56 0.0343  1483 57 0.0343  1483 58 0.0343  1483 59 0.0343  1483 60 0.0392  1483 61 0.0392  1483 62 0.0392  1483 63 0.0392  1483 64 0.0392  1483 65 0.0343  1483 66 0.0343  1483 67 0.0343  1483 68 0.0343  1483 69 0.0343  1483 70 0.0294  1483 71 0.0196  1483 72 0.0098  1483 73 0.0049  1483 74 0  1483 75 0  1483 76 0  1483 77 0.0049  1483 78 0.0049  1483 79 0.0049  1483 80 0  1483 81 0  1483 82 0  1483 83 0  1483 84 0.0049  1483 85 0.0049  1483 86 0.0049  1483 87 0.0098  1483 88 0.0098  1483 89 0.0098  1483 90 0.0147  1483 91 0.0147  1483 92 0.0196  1483 93 0.0196  1483 94 0.0196  1483 95 0.0147  
1724 0 0.1395  1724 1 0.1395  1724 2 0.1302  1724 3 0.1302  1724 4 0.1209  1724 5 0.1116  1724 6 0.1116  1724 7 0.1209  1724 8 0.1302  1724 9 0.1395  1724 10 0.1302  1724 11 0.1209  1724 12 0.1116  1724 13 0.1023  1724 14 0.1023  1724 15 0.1116  1724 16 0.1302  1724 17 0.1395  1724 18 0.1395  1724 19 0.1395  1724 20 0.1209  1724 21 0.1209  1724 22 0.1116  1724 23 0.1116  1724 24 0.1209  1724 25 0.1116  1724 26 0.1023  1724 27 0.0837  1724 28 0.0558  1724 29 0.0372  1724 30 0.0279  1724 31 0.0372  1724 32 0.0558  1724 33 0.0558  1724 34 0.0558  1724 35 0.0372  1724 36 0.0093  1724 37 0  1724 38 0  1724 39 0.0186  1724 40 0.0465  1724 41 0.0651  1724 42 0.0744  1724 43 0.0744  1724 44 0.0651  1724 45 0.0651  1724 46 0.0651  1724 47 0.0744  1724 48 0.0837  1724 49 0.093  1724 50 0.093  1724 51 0.0837  1724 52 0.0744  1724 53 0.0744  1724 54 0.0744  1724 55 0.093  1724 56 0.1302  1724 57 0.1488  1724 58 0.1581  1724 59 0.1674  1724 60 0.1581  1724 61 0.1581  1724 62 0.1581  1724 63 0.1581  1724 64 0.1581  1724 65 0.1581  1724 66 0.1488  1724 67 0.1488  1724 68 0.1488  1724 69 0.1395  1724 70 0.1395  1724 71 0.1395  1724 72 0.1395  1724 73 0.1302  1724 74 0.1302  1724 75 0.1209  1724 76 0.1116  1724 77 0.1023  1724 78 0.1023  1724 79 0.093  1724 80 0.093  1724 81 0.0837  1724 82 0.0744  1724 83 0.0651  1724 84 0.0465  1724 85 0.0465  1724 86 0.0558  1724 87 0.0837  1724 88 0.1116  1724 89 0.1395  1724 90 0.1488  1724 91 0.1488  1724 92 0.1395  1724 93 0.1302  1724 94 0.1302  1724 95 0.1302  
1293 0 0.0288  1293 1 0.0384  1293 2 0.0432  1293 3 0.048  1293 4 0.0672  1293 5 0.0816  1293 6 0.0912  1293 7 0.1008  1293 8 0.1056  1293 9 0.1104  1293 10 0.12  1293 11 0.1248  1293 12 0.1344  1293 13 0.1392  1293 14 0.144  1293 15 0.144  1293 16 0.144  1293 17 0.1488  1293 18 0.1632  1293 19 0.1872  1293 20 0.2112  1293 21 0.2256  1293 22 0.2304  1293 23 0.216  1293 24 0.1968  1293 25 0.1824  1293 26 0.1776  1293 27 0.1872  1293 28 0.2016  1293 29 0.2112  1293 30 0.2112  1293 31 0.2064  1293 32 0.1968  1293 33 0.1872  1293 34 0.1776  1293 35 0.168  1293 36 0.1632  1293 37 0.1584  1293 38 0.1488  1293 39 0.1344  1293 40 0.1152  1293 41 0.1056  1293 42 0.096  1293 43 0.0912  1293 44 0.0912  1293 45 0.0864  1293 46 0.0816  1293 47 0.0672  1293 48 0.0528  1293 49 0.048  1293 50 0.0528  1293 51 0.072  1293 52 0.1008  1293 53 0.1248  1293 54 0.1344  1293 55 0.1344  1293 56 0.1296  1293 57 0.1248  1293 58 0.1296  1293 59 0.1392  1293 60 0.1488  1293 61 0.1584  1293 62 0.1584  1293 63 0.1536  1293 64 0.144  1293 65 0.1344  1293 66 0.1296  1293 67 0.1296  1293 68 0.1296  1293 69 0.1248  1293 70 0.1056  1293 71 0.0816  1293 72 0.0432  1293 73 0.0144  1293 74 0  1293 75 0  1293 76 0.0096  1293 77 0.0144  1293 78 0.0144  1293 79 0.0096  1293 80 0.0048  1293 81 0  1293 82 0  1293 83 0.0048  1293 84 0.0096  1293 85 0.0192  1293 86 0.024  1293 87 0.0288  1293 88 0.0336  1293 89 0.0432  1293 90 0.048  1293 91 0.0576  1293 92 0.0672  1293 93 0.072  1293 94 0.072  1293 95 0.0624  
1470 0 0.06  1470 1 0.0624  1470 2 0.0624  1470 3 0.0648  1470 4 0.0696  1470 5 0.0672  1470 6 0.0624  1470 7 0.0528  1470 8 0.036  1470 9 0.0312  1470 10 0.0312  1470 11 0.0408  1470 12 0.0552  1470 13 0.0696  1470 14 0.0768  1470 15 0.0768  1470 16 0.0744  1470 17 0.072  1470 18 0.0672  1470 19 0.0624  1470 20 0.0552  1470 21 0.048  1470 22 0.0384  1470 23 0.0288  1470 24 0.0168  1470 25 0.0072  1470 26 0.0048  1470 27 0.0072  1470 28 0.012  1470 29 0.0168  1470 30 0.0168  1470 31 0.012  1470 32 0.0048  1470 33 0.0024  1470 34 0  1470 35 0.0024  1470 36 0.0096  1470 37 0.012  1470 38 0.0168  1470 39 0.0168  1470 40 0.0144  1470 41 0.012  1470 42 0.0144  1470 43 0.0168  1470 44 0.0192  1470 45 0.024  1470 46 0.0264  1470 47 0.0312  1470 48 0.0336  1470 49 0.0408  1470 50 0.0528  1470 51 0.0744  1470 52 0.096  1470 53 0.1128  1470 54 0.1176  1470 55 0.1104  1470 56 0.096  1470 57 0.084  1470 58 0.0768  1470 59 0.0744  1470 60 0.0744  1470 61 0.072  1470 62 0.0672  1470 63 0.0552  1470 64 0.0408  1470 65 0.036  1470 66 0.0408  1470 67 0.0552  1470 68 0.0768  1470 69 0.0936  1470 70 0.1032  1470 71 0.1032  1470 72 0.096  1470 73 0.0912  1470 74 0.0864  1470 75 0.0816  1470 76 0.0768  1470 77 0.072  1470 78 0.0672  1470 79 0.0624  1470 80 0.0576  1470 81 0.0624  1470 82 0.0744  1470 83 0.0936  1470 84 0.1224  1470 85 0.1392  1470 86 0.144  1470 87 0.1344  1470 88 0.1152  1470 89 0.1032  1470 90 0.0936  1470 91 0.0936  1470 92 0.0984  1470 93 0.0984  1470 94 0.096  1470 95 0.0888  
888 0 0.084  888 1 0.084  888 2 0.084  888 3 0.091  888 4 0.091  888 5 0.091  888 6 0.077  888 7 0.063  888 8 0.035  888 9 0.021  888 10 0.007  888 11 0.007  888 12 0.007  888 13 0.014  888 14 0.014  888 15 0.021  888 16 0.021  888 17 0.021  888 18 0.021  888 19 0.021  888 20 0.021  888 21 0.021  888 22 0.021  888 23 0.021  888 24 0.014  888 25 0.014  888 26 0.014  888 27 0.021  888 28 0.028  888 29 0.035  888 30 0.035  888 31 0.035  888 32 0.028  888 33 0.028  888 34 0.028  888 35 0.035  888 36 0.049  888 37 0.056  888 38 0.056  888 39 0.056  888 40 0.056  888 41 0.056  888 42 0.063  888 43 0.077  888 44 0.091  888 45 0.098  888 46 0.098  888 47 0.084  888 48 0.07  888 49 0.056  888 50 0.049  888 51 0.049  888 52 0.056  888 53 0.063  888 54 0.056  888 55 0.049  888 56 0.042  888 57 0.028  888 58 0.028  888 59 0.028  888 60 0.035  888 61 0.042  888 62 0.035  888 63 0.035  888 64 0.021  888 65 0.014  888 66 0.014  888 67 0.014  888 68 0.021  888 69 0.021  888 70 0.021  888 71 0.014  888 72 0.007  888 73 0  888 74 0  888 75 0.007  888 76 0.021  888 77 0.028  888 78 0.028  888 79 0.028  888 80 0.028  888 81 0.021  888 82 0.021  888 83 0.021  888 84 0.021  888 85 0.021  888 86 0.021  888 87 0.028  888 88 0.028  888 89 0.035  888 90 0.049  888 91 0.07  888 92 0.098  888 93 0.112  888 94 0.126  888 95 0.119  
1840 0 0.0792  1840 1 0.0726  1840 2 0.066  1840 3 0.0594  1840 4 0.0528  1840 5 0.0462  1840 6 0.0396  1840 7 0.0396  1840 8 0.0396  1840 9 0.033  1840 10 0.033  1840 11 0.0198  1840 12 0.0132  1840 13 0.0066  1840 14 0.0066  1840 15 0.0132  1840 16 0.033  1840 17 0.0396  1840 18 0.0462  1840 19 0.0396  1840 20 0.0396  1840 21 0.033  1840 22 0.033  1840 23 0.033  1840 24 0.0396  1840 25 0.0396  1840 26 0.0396  1840 27 0.0396  1840 28 0.033  1840 29 0.033  1840 30 0.033  1840 31 0.0396  1840 32 0.0462  1840 33 0.0528  1840 34 0.0528  1840 35 0.0528  1840 36 0.0462  1840 37 0.0396  1840 38 0.0462  1840 39 0.0462  1840 40 0.0528  1840 41 0.0528  1840 42 0.0528  1840 43 0.0396  1840 44 0.0264  1840 45 0.0132  1840 46 0.0066  1840 47 0.0132  1840 48 0.0198  1840 49 0.0264  1840 50 0.0264  1840 51 0.033  1840 52 0.0396  1840 53 0.0396  1840 54 0.0462  1840 55 0.0528  1840 56 0.0594  1840 57 0.066  1840 58 0.066  1840 59 0.066  1840 60 0.0594  1840 61 0.0594  1840 62 0.0594  1840 63 0.0594  1840 64 0.0594  1840 65 0.0594  1840 66 0.0528  1840 67 0.0462  1840 68 0.033  1840 69 0.0198  1840 70 0.0198  1840 71 0.0132  1840 72 0.0198  1840 73 0.0198  1840 74 0.0132  1840 75 0.0066  1840 76 0  1840 77 0  1840 78 0  1840 79 0.0066  1840 80 0.0198  1840 81 0.0264  1840 82 0.033  1840 83 0.0264  1840 84 0.0198  1840 85 0.0198  1840 86 0.0264  1840 87 0.033  1840 88 0.0462  1840 89 0.0528  1840 90 0.0594  1840 91 0.0594  1840 92 0.0594  1840 93 0.0528  1840 94 0.0594  1840 95 0.0594  
1406 0 0.0465  1406 1 0.0434  1406 2 0.0403  1406 3 0.0403  1406 4 0.0341  1406 5 0.0372  1406 6 0.0496  1406 7 0.0713  1406 8 0.0992  1406 9 0.1209  1406 10 0.1333  1406 11 0.1364  1406 12 0.1333  1406 13 0.1271  1406 14 0.124  1406 15 0.1209  1406 16 0.1209  1406 17 0.1178  1406 18 0.1178  1406 19 0.1178  1406 20 0.1178  1406 21 0.1178  1406 22 0.1178  1406 23 0.1209  1406 24 0.1271  1406 25 0.1271  1406 26 0.124  1406 27 0.1178  1406 28 0.1085  1406 29 0.1023  1406 30 0.0992  1406 31 0.1023  1406 32 0.1116  1406 33 0.1116  1406 34 0.1085  1406 35 0.1023  1406 36 0.0899  1406 37 0.0806  1406 38 0.0744  1406 39 0.0744  1406 40 0.0775  1406 41 0.0744  1406 42 0.0682  1406 43 0.0558  1406 44 0.0372  1406 45 0.0248  1406 46 0.0279  1406 47 0.0403  1406 48 0.0651  1406 49 0.0775  1406 50 0.0868  1406 51 0.0868  1406 52 0.0744  1406 53 0.0744  1406 54 0.0744  1406 55 0.0837  1406 56 0.0961  1406 57 0.1085  1406 58 0.1116  1406 59 0.1085  1406 60 0.0992  1406 61 0.0961  1406 62 0.0992  1406 63 0.1054  1406 64 0.1178  1406 65 0.1271  1406 66 0.1271  1406 67 0.1271  1406 68 0.1178  1406 69 0.1178  1406 70 0.1209  1406 71 0.1271  1406 72 0.1364  1406 73 0.1426  1406 74 0.1426  1406 75 0.1333  1406 76 0.1209  1406 77 0.1116  1406 78 0.1085  1406 79 0.1085  1406 80 0.1116  1406 81 0.1178  1406 82 0.1209  1406 83 0.1209  1406 84 0.1178  1406 85 0.1178  1406 86 0.1147  1406 87 0.1147  1406 88 0.1116  1406 89 0.1054  1406 90 0.0868  1406 91 0.062  1406 92 0.0279  1406 93 0.0093  1406 94 0  1406 95 0.0031  
789 0 0.171  789 1 0.162  789 2 0.144  789 3 0.144  789 4 0.126  789 5 0.135  789 6 0.18  789 7 0.252  789 8 0.36  789 9 0.432  789 10 0.477  789 11 0.486  789 12 0.468  789 13 0.45  789 14 0.441  789 15 0.432  789 16 0.432  789 17 0.423  789 18 0.423  789 19 0.423  789 20 0.423  789 21 0.423  789 22 0.423  789 23 0.432  789 24 0.45  789 25 0.45  789 26 0.441  789 27 0.423  789 28 0.387  789 29 0.36  789 30 0.36  789 31 0.369  789 32 0.396  789 33 0.396  789 34 0.387  789 35 0.36  789 36 0.315  789 37 0.288  789 38 0.27  789 39 0.27  789 40 0.279  789 41 0.27  789 42 0.243  789 43 0.198  789 44 0.126  789 45 0.09  789 46 0.099  789 47 0.144  789 48 0.234  789 49 0.279  789 50 0.306  789 51 0.306  789 52 0.27  789 53 0.261  789 54 0.27  789 55 0.306  789 56 0.351  789 57 0.387  789 58 0.396  789 59 0.387  789 60 0.36  789 61 0.351  789 62 0.36  789 63 0.378  789 64 0.423  789 65 0.45  789 66 0.459  789 67 0.45  789 68 0.423  789 69 0.423  789 70 0.432  789 71 0.45  789 72 0.495  789 73 0.513  789 74 0.504  789 75 0.477  789 76 0.432  789 77 0.396  789 78 0.387  789 79 0.387  789 80 0.405  789 81 0.423  789 82 0.432  789 83 0.432  789 84 0.423  789 85 0.423  789 86 0.414  789 87 0.405  789 88 0.405  789 89 0.369  789 90 0.315  789 91 0.216  789 92 0.099  789 93 0.027  789 94 0  789 95 0.018  
741 0 0.0539  741 1 0.0462  741 2 0.0385  741 3 0.0385  741 4 0.0308  741 5 0.0308  741 6 0.0539  741 7 0.0924  741 8 0.1463  741 9 0.1771  741 10 0.1848  741 11 0.1848  741 12 0.154  741 13 0.1386  741 14 0.1309  741 15 0.1232  741 16 0.1309  741 17 0.1309  741 18 0.1232  741 19 0.1078  741 20 0.077  741 21 0.077  741 22 0.0847  741 23 0.1078  741 24 0.154  741 25 0.1694  741 26 0.1617  741 27 0.1309  741 28 0.0847  741 29 0.0462  741 30 0.0231  741 31 0.0231  741 32 0.0308  741 33 0.0462  741 34 0.0616  741 35 0.077  741 36 0.1001  741 37 0.1232  741 38 0.1463  741 39 0.1848  741 40 0.2233  741 41 0.2387  741 42 0.2464  741 43 0.231  741 44 0.2002  741 45 0.1848  741 46 0.1771  741 47 0.1771  741 48 0.1848  741 49 0.1771  741 50 0.154  741 51 0.1155  741 52 0.0539  741 53 0.0154  741 54 0  741 55 0.0077  741 56 0.0308  741 57 0.0462  741 58 0.0462  741 59 0.0308  741 60 0.0077  741 61 0.0077  741 62 0.0308  741 63 0.0693  741 64 0.1309  741 65 0.1771  741 66 0.2002  741 67 0.2002  741 68 0.1848  741 69 0.1694  741 70 0.154  741 71 0.1463  741 72 0.1463  741 73 0.1309  741 74 0.1078  741 75 0.077  741 76 0.0385  741 77 0.0154  741 78 0.0154  741 79 0.0308  741 80 0.0693  741 81 0.0924  741 82 0.1078  741 83 0.1001  741 84 0.077  741 85 0.077  741 86 0.0924  741 87 0.1232  741 88 0.1771  741 89 0.2002  741 90 0.2002  741 91 0.1694  741 92 0.1155  741 93 0.077  741 94 0.0539  741 95 0.0385  
1567 0 0  1567 1 0.024  1567 2 0.048  1567 3 0.064  1567 4 0.112  1567 5 0.144  1567 6 0.168  1567 7 0.184  1567 8 0.184  1567 9 0.2  1567 10 0.224  1567 11 0.264  1567 12 0.32  1567 13 0.336  1567 14 0.336  1567 15 0.296  1567 16 0.224  1567 17 0.176  1567 18 0.16  1567 19 0.168  1567 20 0.192  1567 21 0.216  1567 22 0.216  1567 23 0.208  1567 24 0.192  1567 25 0.184  1567 26 0.184  1567 27 0.192  1567 28 0.208  1567 29 0.216  1567 30 0.208  1567 31 0.176  1567 32 0.144  1567 33 0.12  1567 34 0.112  1567 35 0.128  1567 36 0.152  1567 37 0.168  1567 38 0.16  1567 39 0.144  1567 40 0.104  1567 41 0.104  1567 42 0.12  1567 43 0.168  1567 44 0.256  1567 45 0.304  1567 46 0.328  1567 47 0.32  1567 48 0.288  1567 49 0.256  1567 50 0.232  1567 51 0.208  1567 52 0.192  1567 53 0.168  1567 54 0.144  1567 55 0.112  1567 56 0.072  1567 57 0.056  1567 58 0.048  1567 59 0.056  1567 60 0.08  1567 61 0.088  1567 62 0.096  1567 63 0.088  1567 64 0.072  1567 65 0.08  1567 66 0.104  1567 67 0.152  1567 68 0.216  1567 69 0.264  1567 70 0.288  1567 71 0.296  1567 72 0.288  1567 73 0.288  1567 74 0.304  1567 75 0.328  1567 76 0.36  1567 77 0.376  1567 78 0.36  1567 79 0.328  1567 80 0.264  1567 81 0.232  1567 82 0.216  1567 83 0.224  1567 84 0.264  1567 85 0.272  1567 86 0.256  1567 87 0.216  1567 88 0.152  1567 89 0.104  1567 90 0.08  1567 91 0.08  1567 92 0.096  1567 93 0.104  1567 94 0.096  1567 95 0.08  
256 0 0.078  256 1 0.0858  256 2 0.0936  256 3 0.0936  256 4 0.1092  256 5 0.1092  256 6 0.0936  256 7 0.0702  256 8 0.0312  256 9 0.0156  256 10 0.0156  256 11 0.0312  256 12 0.0546  256 13 0.078  256 14 0.0936  256 15 0.0936  256 16 0.0936  256 17 0.0936  256 18 0.0936  256 19 0.0936  256 20 0.1014  256 21 0.0936  256 22 0.0936  256 23 0.078  256 24 0.0624  256 25 0.0624  256 26 0.0702  256 27 0.1014  256 28 0.1404  256 29 0.1794  256 30 0.195  256 31 0.2106  256 32 0.2106  256 33 0.2028  256 34 0.195  256 35 0.195  256 36 0.1872  256 37 0.1638  256 38 0.1404  256 39 0.1092  256 40 0.0624  256 41 0.0468  256 42 0.0624  256 43 0.0936  256 44 0.1638  256 45 0.2028  256 46 0.2262  256 47 0.234  256 48 0.2184  256 49 0.2106  256 50 0.2106  256 51 0.2106  256 52 0.2262  256 53 0.2262  256 54 0.2106  256 55 0.1872  256 56 0.1482  256 57 0.1248  256 58 0.117  256 59 0.117  256 60 0.1326  256 61 0.1326  256 62 0.117  256 63 0.0858  256 64 0.039  256 65 0.0078  256 66 0  256 67 0.0078  256 68 0.0312  256 69 0.0468  256 70 0.0546  256 71 0.0546  256 72 0.0468  256 73 0.0468  256 74 0.0624  256 75 0.078  256 76 0.117  256 77 0.1326  256 78 0.1326  256 79 0.117  256 80 0.0858  256 81 0.0702  256 82 0.078  256 83 0.0936  256 84 0.1326  256 85 0.1638  256 86 0.1872  256 87 0.195  256 88 0.2028  256 89 0.2262  256 90 0.2496  256 91 0.2886  256 92 0.3354  256 93 0.351  256 94 0.3276  256 95 0.2808  
1699 0 0.0364  1699 1 0.0455  1699 2 0.0455  1699 3 0.0455  1699 4 0.0546  1699 5 0.0546  1699 6 0.0455  1699 7 0.0364  1699 8 0.0182  1699 9 0.0091  1699 10 0.0091  1699 11 0.0182  1699 12 0.0273  1699 13 0.0364  1699 14 0.0455  1699 15 0.0455  1699 16 0.0455  1699 17 0.0455  1699 18 0.0455  1699 19 0.0455  1699 20 0.0546  1699 21 0.0455  1699 22 0.0455  1699 23 0.0364  1699 24 0.0273  1699 25 0.0273  1699 26 0.0364  1699 27 0.0546  1699 28 0.0728  1699 29 0.091  1699 30 0.1001  1699 31 0.1092  1699 32 0.1092  1699 33 0.1092  1699 34 0.1001  1699 35 0.1001  1699 36 0.091  1699 37 0.0819  1699 38 0.0728  1699 39 0.0546  1699 40 0.0364  1699 41 0.0273  1699 42 0.0273  1699 43 0.0455  1699 44 0.0819  1699 45 0.1092  1699 46 0.1183  1699 47 0.1183  1699 48 0.1092  1699 49 0.1092  1699 50 0.1092  1699 51 0.1092  1699 52 0.1183  1699 53 0.1092  1699 54 0.1092  1699 55 0.1001  1699 56 0.0728  1699 57 0.0637  1699 58 0.0546  1699 59 0.0546  1699 60 0.0637  1699 61 0.0637  1699 62 0.0546  1699 63 0.0455  1699 64 0.0182  1699 65 0.0091  1699 66 0  1699 67 0  1699 68 0.0182  1699 69 0.0273  1699 70 0.0273  1699 71 0.0273  1699 72 0.0273  1699 73 0.0273  1699 74 0.0273  1699 75 0.0364  1699 76 0.0546  1699 77 0.0637  1699 78 0.0637  1699 79 0.0637  1699 80 0.0455  1699 81 0.0364  1699 82 0.0364  1699 83 0.0455  1699 84 0.0637  1699 85 0.0819  1699 86 0.091  1699 87 0.1001  1699 88 0.1092  1699 89 0.1092  1699 90 0.1274  1699 91 0.1456  1699 92 0.1729  1699 93 0.182  1699 94 0.1729  1699 95 0.1456  
1538 0 0.0138  1538 1 0.0138  1538 2 0.0184  1538 3 0.0184  1538 4 0.0184  1538 5 0.0184  1538 6 0.0184  1538 7 0.0138  1538 8 0.0046  1538 9 0.0046  1538 10 0.0046  1538 11 0.0046  1538 12 0.0092  1538 13 0.0138  1538 14 0.0184  1538 15 0.0184  1538 16 0.0184  1538 17 0.0184  1538 18 0.0184  1538 19 0.0184  1538 20 0.0184  1538 21 0.0184  1538 22 0.0184  1538 23 0.0138  1538 24 0.0092  1538 25 0.0092  1538 26 0.0138  1538 27 0.0184  1538 28 0.0276  1538 29 0.0322  1538 30 0.0368  1538 31 0.0368  1538 32 0.0368  1538 33 0.0368  1538 34 0.0368  1538 35 0.0368  1538 36 0.0322  1538 37 0.0322  1538 38 0.0276  1538 39 0.0184  1538 40 0.0138  1538 41 0.0092  1538 42 0.0092  1538 43 0.0184  1538 44 0.0276  1538 45 0.0368  1538 46 0.0414  1538 47 0.0414  1538 48 0.0414  1538 49 0.0368  1538 50 0.0368  1538 51 0.0368  1538 52 0.0414  1538 53 0.0414  1538 54 0.0368  1538 55 0.0322  1538 56 0.0276  1538 57 0.023  1538 58 0.023  1538 59 0.023  1538 60 0.023  1538 61 0.023  1538 62 0.023  1538 63 0.0138  1538 64 0.0092  1538 65 0  1538 66 0  1538 67 0  1538 68 0.0046  1538 69 0.0092  1538 70 0.0092  1538 71 0.0092  1538 72 0.0092  1538 73 0.0092  1538 74 0.0092  1538 75 0.0138  1538 76 0.023  1538 77 0.023  1538 78 0.023  1538 79 0.023  1538 80 0.0138  1538 81 0.0138  1538 82 0.0138  1538 83 0.0184  1538 84 0.023  1538 85 0.0276  1538 86 0.0322  1538 87 0.0368  1538 88 0.0368  1538 89 0.0414  1538 90 0.046  1538 91 0.0506  1538 92 0.0598  1538 93 0.0644  1538 94 0.0598  1538 95 0.0506  
2050 0 0.0969  2050 1 0.0918  2050 2 0.0867  2050 3 0.0816  2050 4 0.0714  2050 5 0.0561  2050 6 0.0459  2050 7 0.0306  2050 8 0.0102  2050 9 0  2050 10 0.0051  2050 11 0.0153  2050 12 0.0357  2050 13 0.0459  2050 14 0.0561  2050 15 0.0561  2050 16 0.0561  2050 17 0.051  2050 18 0.051  2050 19 0.051  2050 20 0.0561  2050 21 0.0561  2050 22 0.0561  2050 23 0.0561  2050 24 0.0561  2050 25 0.0561  2050 26 0.051  2050 27 0.0459  2050 28 0.0357  2050 29 0.0306  2050 30 0.0204  2050 31 0.0153  2050 32 0  2050 33 0  2050 34 0.0051  2050 35 0.0255  2050 36 0.051  2050 37 0.0714  2050 38 0.0918  2050 39 0.1122  2050 40 0.1224  2050 41 0.1377  2050 42 0.1632  2050 43 0.1836  2050 44 0.2142  2050 45 0.2244  2050 46 0.2193  2050 47 0.1989  2050 48 0.1581  2050 49 0.1326  2050 50 0.1173  2050 51 0.1122  2050 52 0.1224  2050 53 0.1275  2050 54 0.1275  2050 55 0.1326  2050 56 0.1326  2050 57 0.1326  2050 58 0.1377  2050 59 0.1377  2050 60 0.1428  2050 61 0.1377  2050 62 0.1275  2050 63 0.102  2050 64 0.0663  2050 65 0.051  2050 66 0.0459  2050 67 0.0612  2050 68 0.0918  2050 69 0.1122  2050 70 0.1173  2050 71 0.1173  2050 72 0.1071  2050 73 0.102  2050 74 0.102  2050 75 0.1122  2050 76 0.1275  2050 77 0.1326  2050 78 0.1275  2050 79 0.1224  2050 80 0.102  2050 81 0.0867  2050 82 0.0765  2050 83 0.0714  2050 84 0.0765  2050 85 0.0714  2050 86 0.0714  2050 87 0.0663  2050 88 0.0612  2050 89 0.0561  2050 90 0.0561  2050 91 0.0612  2050 92 0.0714  2050 93 0.0765  2050 94 0.0816  2050 95 0.0867  
1088 0 0.0117  1088 1 0.0156  1088 2 0.0195  1088 3 0.0195  1088 4 0.0273  1088 5 0.0312  1088 6 0.0351  1088 7 0.0351  1088 8 0.0312  1088 9 0.0312  1088 10 0.0312  1088 11 0.0351  1088 12 0.039  1088 13 0.0429  1088 14 0.0429  1088 15 0.039  1088 16 0.0312  1088 17 0.0273  1088 18 0.0234  1088 19 0.0234  1088 20 0.0234  1088 21 0.0234  1088 22 0.0234  1088 23 0.0234  1088 24 0.0195  1088 25 0.0195  1088 26 0.0195  1088 27 0.0156  1088 28 0.0156  1088 29 0.0156  1088 30 0.0156  1088 31 0.0156  1088 32 0.0117  1088 33 0.0117  1088 34 0.0156  1088 35 0.0156  1088 36 0.0195  1088 37 0.0234  1088 38 0.0234  1088 39 0.0273  1088 40 0.0234  1088 41 0.0234  1088 42 0.0195  1088 43 0.0195  1088 44 0.0156  1088 45 0.0117  1088 46 0.0117  1088 47 0.0078  1088 48 0.0039  1088 49 0.0039  1088 50 0.0039  1088 51 0.0039  1088 52 0.0078  1088 53 0.0117  1088 54 0.0117  1088 55 0.0156  1088 56 0.0156  1088 57 0.0195  1088 58 0.0195  1088 59 0.0234  1088 60 0.0234  1088 61 0.0273  1088 62 0.0273  1088 63 0.0234  1088 64 0.0234  1088 65 0.0234  1088 66 0.0234  1088 67 0.0273  1088 68 0.0351  1088 69 0.039  1088 70 0.039  1088 71 0.039  1088 72 0.0351  1088 73 0.0312  1088 74 0.0273  1088 75 0.0273  1088 76 0.0312  1088 77 0.0273  1088 78 0.0234  1088 79 0.0195  1088 80 0.0117  1088 81 0.0039  1088 82 0  1088 83 0  1088 84 0  1088 85 0  1088 86 0  1088 87 0  1088 88 0  1088 89 0  1088 90 0.0039  1088 91 0.0039  1088 92 0.0078  1088 93 0.0117  1088 94 0.0117  1088 95 0.0117  
717 0 0.215  717 1 0.1978  717 2 0.1892  717 3 0.1806  717 4 0.1548  717 5 0.129  717 6 0.0946  717 7 0.0602  717 8 0.0258  717 9 0.0086  717 10 0.0086  717 11 0.0258  717 12 0.0774  717 13 0.1032  717 14 0.1204  717 15 0.129  717 16 0.1204  717 17 0.1118  717 18 0.1118  717 19 0.1118  717 20 0.1204  717 21 0.1204  717 22 0.1204  717 23 0.1204  717 24 0.1204  717 25 0.1204  717 26 0.1118  717 27 0.0946  717 28 0.086  717 29 0.0688  717 30 0.0516  717 31 0.0258  717 32 0.0086  717 33 0  717 34 0.0172  717 35 0.0516  717 36 0.1118  717 37 0.1634  717 38 0.2064  717 39 0.2408  717 40 0.2666  717 41 0.301  717 42 0.3526  717 43 0.4042  717 44 0.4644  717 45 0.4902  717 46 0.4816  717 47 0.43  717 48 0.344  717 49 0.2924  717 50 0.258  717 51 0.2494  717 52 0.2666  717 53 0.2752  717 54 0.2838  717 55 0.2924  717 56 0.2924  717 57 0.2924  717 58 0.301  717 59 0.301  717 60 0.3096  717 61 0.301  717 62 0.2752  717 63 0.2236  717 64 0.1462  717 65 0.1118  717 66 0.1032  717 67 0.129  717 68 0.1978  717 69 0.2408  717 70 0.258  717 71 0.258  717 72 0.2322  717 73 0.2236  717 74 0.2236  717 75 0.2408  717 76 0.2752  717 77 0.2924  717 78 0.2838  717 79 0.2666  717 80 0.2236  717 81 0.1892  717 82 0.172  717 83 0.1634  717 84 0.1634  717 85 0.1634  717 86 0.1548  717 87 0.1462  717 88 0.129  717 89 0.129  717 90 0.129  717 91 0.1376  717 92 0.1548  717 93 0.172  717 94 0.1806  717 95 0.1892  
1542 0 0.0084  1542 1 0.0096  1542 2 0.012  1542 3 0.0132  1542 4 0.0168  1542 5 0.0192  1542 6 0.0192  1542 7 0.0168  1542 8 0.012  1542 9 0.0108  1542 10 0.012  1542 11 0.0144  1542 12 0.0204  1542 13 0.024  1542 14 0.0228  1542 15 0.0204  1542 16 0.0144  1542 17 0.0108  1542 18 0.0096  1542 19 0.0108  1542 20 0.0144  1542 21 0.0168  1542 22 0.018  1542 23 0.018  1542 24 0.0168  1542 25 0.018  1542 26 0.0228  1542 27 0.03  1542 28 0.0408  1542 29 0.048  1542 30 0.0504  1542 31 0.048  1542 32 0.042  1542 33 0.0396  1542 34 0.042  1542 35 0.048  1542 36 0.0576  1542 37 0.0612  1542 38 0.06  1542 39 0.054  1542 40 0.0432  1542 41 0.036  1542 42 0.0324  1542 43 0.0324  1542 44 0.036  1542 45 0.0372  1542 46 0.0372  1542 47 0.0348  1542 48 0.03  1542 49 0.0276  1542 50 0.0276  1542 51 0.03  1542 52 0.0348  1542 53 0.0348  1542 54 0.0324  1542 55 0.0252  1542 56 0.0144  1542 57 0.0072  1542 58 0.0024  1542 59 0  1542 60 0.0012  1542 61 0.0024  1542 62 0.0036  1542 63 0.0036  1542 64 0.0036  1542 65 0.0036  1542 66 0.0048  1542 67 0.0048  1542 68 0.006  1542 69 0.0072  1542 70 0.0084  1542 71 0.0096  1542 72 0.0108  1542 73 0.012  1542 74 0.0132  1542 75 0.0156  1542 76 0.0192  1542 77 0.0216  1542 78 0.024  1542 79 0.0264  1542 80 0.0288  1542 81 0.0312  1542 82 0.0348  1542 83 0.0384  1542 84 0.0432  1542 85 0.0432  1542 86 0.0396  1542 87 0.0312  1542 88 0.018  1542 89 0.0096  1542 90 0.0048  1542 91 0.0048  1542 92 0.0084  1542 93 0.0108  1542 94 0.012  1542 95 0.012  
1510 0 0.165  1510 1 0.165  1510 2 0.165  1510 3 0.165  1510 4 0.1584  1510 5 0.165  1510 6 0.1716  1510 7 0.1782  1510 8 0.1914  1510 9 0.198  1510 10 0.2046  1510 11 0.2046  1510 12 0.198  1510 13 0.198  1510 14 0.2112  1510 15 0.2244  1510 16 0.2442  1510 17 0.2508  1510 18 0.2442  1510 19 0.2178  1510 20 0.1848  1510 21 0.1584  1510 22 0.1452  1510 23 0.1518  1510 24 0.165  1510 25 0.1782  1510 26 0.1914  1510 27 0.2046  1510 28 0.2178  1510 29 0.231  1510 30 0.2442  1510 31 0.2574  1510 32 0.2706  1510 33 0.2772  1510 34 0.2706  1510 35 0.2508  1510 36 0.2244  1510 37 0.2046  1510 38 0.198  1510 39 0.198  1510 40 0.2046  1510 41 0.2046  1510 42 0.2046  1510 43 0.198  1510 44 0.1848  1510 45 0.1782  1510 46 0.1782  1510 47 0.1782  1510 48 0.1782  1510 49 0.165  1510 50 0.1386  1510 51 0.099  1510 52 0.0462  1510 53 0.0132  1510 54 0  1510 55 0.0132  1510 56 0.0396  1510 57 0.066  1510 58 0.0858  1510 59 0.099  1510 60 0.1056  1510 61 0.1188  1510 62 0.1452  1510 63 0.1848  1510 64 0.2244  1510 65 0.2574  1510 66 0.2706  1510 67 0.264  1510 68 0.2508  1510 69 0.2376  1510 70 0.231  1510 71 0.231  1510 72 0.2442  1510 73 0.2442  1510 74 0.231  1510 75 0.2112  1510 76 0.1848  1510 77 0.1518  1510 78 0.1254  1510 79 0.099  1510 80 0.0792  1510 81 0.0594  1510 82 0.0528  1510 83 0.0528  1510 84 0.0594  1510 85 0.066  1510 86 0.0858  1510 87 0.099  1510 88 0.1254  1510 89 0.1386  1510 90 0.1386  1510 91 0.1254  1510 92 0.1056  1510 93 0.0924  1510 94 0.0924  1510 95 0.1056  
284 0 0.0033  284 1 0.0035  284 2 0.0036  284 3 0.0037  284 4 0.004  284 5 0.0043  284 6 0.0047  284 7 0.0051  284 8 0.0056  284 9 0.0058  284 10 0.0057  284 11 0.0055  284 12 0.005  284 13 0.0046  284 14 0.0044  284 15 0.0043  284 16 0.0044  284 17 0.0045  284 18 0.0045  284 19 0.0045  284 20 0.0044  284 21 0.0044  284 22 0.0044  284 23 0.0044  284 24 0.0044  284 25 0.0044  284 26 0.0046  284 27 0.0047  284 28 0.0049  284 29 0.005  284 30 0.0053  284 31 0.0055  284 32 0.0058  284 33 0.0059  284 34 0.0057  284 35 0.0052  284 36 0.0045  284 37 0.0039  284 38 0.0034  284 39 0.003  284 40 0.0026  284 41 0.0022  284 42 0.0016  284 43 0.0011  284 44 0.0003  284 45 0  284 46 0.0001  284 47 0.0007  284 48 0.0017  284 49 0.0024  284 50 0.0027  284 51 0.0029  284 52 0.0027  284 53 0.0026  284 54 0.0025  284 55 0.0024  284 56 0.0024  284 57 0.0023  284 58 0.0023  284 59 0.0022  284 60 0.0021  284 61 0.0022  284 62 0.0026  284 63 0.0032  284 64 0.0041  284 65 0.0046  284 66 0.0046  284 67 0.0043  284 68 0.0035  284 69 0.003  284 70 0.0027  284 71 0.0028  284 72 0.0031  284 73 0.0032  284 74 0.0032  284 75 0.003  284 76 0.0026  284 77 0.0024  284 78 0.0025  284 79 0.0027  284 80 0.0032  284 81 0.0036  284 82 0.0038  284 83 0.0039  284 84 0.0039  284 85 0.0039  284 86 0.004  284 87 0.0041  284 88 0.0043  284 89 0.0043  284 90 0.0043  284 91 0.0042  284 92 0.004  284 93 0.0038  284 94 0.0037  284 95 0.0036  
1213 0 0.0042  1213 1 0.0048  1213 2 0.0054  1213 3 0.006  1213 4 0.0066  1213 5 0.0078  1213 6 0.0084  1213 7 0.009  1213 8 0.009  1213 9 0.0096  1213 10 0.0102  1213 11 0.0114  1213 12 0.0132  1213 13 0.0132  1213 14 0.0126  1213 15 0.0114  1213 16 0.009  1213 17 0.0078  1213 18 0.0078  1213 19 0.0096  1213 20 0.0126  1213 21 0.0144  1213 22 0.015  1213 23 0.0144  1213 24 0.012  1213 25 0.0102  1213 26 0.009  1213 27 0.0072  1213 28 0.0066  1213 29 0.0054  1213 30 0.0036  1213 31 0.0024  1213 32 0.0006  1213 33 0  1213 34 0.0006  1213 35 0.0018  1213 36 0.0042  1213 37 0.006  1213 38 0.0078  1213 39 0.009  1213 40 0.0096  1213 41 0.0102  1213 42 0.0114  1213 43 0.0126  1213 44 0.0138  1213 45 0.0138  1213 46 0.0126  1213 47 0.0108  1213 48 0.0078  1213 49 0.0054  1213 50 0.0036  1213 51 0.003  1213 52 0.003  1213 53 0.003  1213 54 0.0024  1213 55 0.0018  1213 56 0.0012  1213 57 0.0006  1213 58 0.0006  1213 59 0.0018  1213 60 0.003  1213 61 0.0042  1213 62 0.0054  1213 63 0.0066  1213 64 0.0078  1213 65 0.009  1213 66 0.0102  1213 67 0.012  1213 68 0.0138  1213 69 0.0156  1213 70 0.0168  1213 71 0.0174  1213 72 0.0174  1213 73 0.0168  1213 74 0.0162  1213 75 0.0156  1213 76 0.0144  1213 77 0.0126  1213 78 0.0108  1213 79 0.0084  1213 80 0.0054  1213 81 0.0036  1213 82 0.0036  1213 83 0.0054  1213 84 0.0078  1213 85 0.0102  1213 86 0.0126  1213 87 0.015  1213 88 0.0168  1213 89 0.018  1213 90 0.0192  1213 91 0.0198  1213 92 0.0204  1213 93 0.0198  1213 94 0.018  1213 95 0.0144  
502 0 0.1722  502 1 0.164  502 2 0.1517  502 3 0.1435  502 4 0.123  502 5 0.1066  502 6 0.0943  502 7 0.0902  502 8 0.0902  502 9 0.082  502 10 0.0697  502 11 0.0492  502 12 0.0246  502 13 0.0164  502 14 0.0205  502 15 0.0369  502 16 0.0697  502 17 0.0902  502 18 0.0984  502 19 0.0984  502 20 0.082  502 21 0.0738  502 22 0.0738  502 23 0.0779  502 24 0.0861  502 25 0.0902  502 26 0.0902  502 27 0.0861  502 28 0.0779  502 29 0.0738  502 30 0.0779  502 31 0.0902  502 32 0.1066  502 33 0.1189  502 34 0.123  502 35 0.1148  502 36 0.1025  502 37 0.0984  502 38 0.0984  502 39 0.1066  502 40 0.1271  502 41 0.1271  502 42 0.1189  502 43 0.0943  502 44 0.0574  502 45 0.0328  502 46 0.0246  502 47 0.0246  502 48 0.041  502 49 0.0533  502 50 0.0656  502 51 0.0779  502 52 0.0861  502 53 0.0943  502 54 0.1066  502 55 0.123  502 56 0.1394  502 57 0.1476  502 58 0.1517  502 59 0.1476  502 60 0.1353  502 61 0.1312  502 62 0.1312  502 63 0.1312  502 64 0.1394  502 65 0.1353  502 66 0.1271  502 67 0.1025  502 68 0.0738  502 69 0.0533  502 70 0.041  502 71 0.0328  502 72 0.041  502 73 0.0369  502 74 0.0328  502 75 0.0246  502 76 0.0041  502 77 0  502 78 0.0041  502 79 0.0246  502 80 0.0492  502 81 0.0656  502 82 0.0738  502 83 0.0697  502 84 0.0533  502 85 0.0451  502 86 0.0574  502 87 0.0738  502 88 0.1025  502 89 0.1271  502 90 0.1353  502 91 0.1353  502 92 0.1271  502 93 0.1271  502 94 0.1271  502 95 0.1353  
2060 0 0.0576  2060 1 0.048  2060 2 0.0384  2060 3 0.0288  2060 4 0.0096  2060 5 0  2060 6 0.0096  2060 7 0.0192  2060 8 0.0384  2060 9 0.0576  2060 10 0.0672  2060 11 0.0672  2060 12 0.0672  2060 13 0.0768  2060 14 0.096  2060 15 0.1152  2060 16 0.144  2060 17 0.1536  2060 18 0.1536  2060 19 0.144  2060 20 0.1248  2060 21 0.1152  2060 22 0.1056  2060 23 0.096  2060 24 0.1056  2060 25 0.096  2060 26 0.0864  2060 27 0.0576  2060 28 0.0192  2060 29 0  2060 30 0  2060 31 0.0192  2060 32 0.048  2060 33 0.0672  2060 34 0.0864  2060 35 0.0864  2060 36 0.0768  2060 37 0.0768  2060 38 0.096  2060 39 0.1152  2060 40 0.1536  2060 41 0.1728  2060 42 0.1824  2060 43 0.1728  2060 44 0.1536  2060 45 0.144  2060 46 0.1248  2060 47 0.1248  2060 48 0.1248  2060 49 0.1152  2060 50 0.1152  2060 51 0.1056  2060 52 0.1056  2060 53 0.1056  2060 54 0.1152  2060 55 0.1248  2060 56 0.1536  2060 57 0.1632  2060 58 0.1632  2060 59 0.1536  2060 60 0.1344  2060 61 0.1152  2060 62 0.1056  2060 63 0.096  2060 64 0.096  2060 65 0.096  2060 66 0.096  2060 67 0.096  2060 68 0.096  2060 69 0.1056  2060 70 0.1152  2060 71 0.1248  2060 72 0.1344  2060 73 0.144  2060 74 0.1344  2060 75 0.1152  2060 76 0.0768  2060 77 0.0576  2060 78 0.0576  2060 79 0.0576  2060 80 0.0768  2060 81 0.096  2060 82 0.096  2060 83 0.096  2060 84 0.0864  2060 85 0.0864  2060 86 0.0864  2060 87 0.0864  2060 88 0.0864  2060 89 0.0864  2060 90 0.0864  2060 91 0.0672  2060 92 0.0576  2060 93 0.0384  2060 94 0.0384  2060 95 0.0384  
1320 0 0.0651  1320 1 0.0651  1320 2 0.0651  1320 3 0.0651  1320 4 0.0651  1320 5 0.0651  1320 6 0.0558  1320 7 0.0558  1320 8 0.0465  1320 9 0.0465  1320 10 0.0744  1320 11 0.1023  1320 12 0.1581  1320 13 0.1953  1320 14 0.2325  1320 15 0.2511  1320 16 0.2604  1320 17 0.279  1320 18 0.3162  1320 19 0.372  1320 20 0.4464  1320 21 0.4743  1320 22 0.4743  1320 23 0.4464  1320 24 0.372  1320 25 0.3255  1320 26 0.2883  1320 27 0.279  1320 28 0.2883  1320 29 0.279  1320 30 0.2604  1320 31 0.2232  1320 32 0.1581  1320 33 0.1302  1320 34 0.1302  1320 35 0.1488  1320 36 0.2046  1320 37 0.2418  1320 38 0.2697  1320 39 0.2883  1320 40 0.2976  1320 41 0.3069  1320 42 0.3162  1320 43 0.3255  1320 44 0.3348  1320 45 0.3255  1320 46 0.2976  1320 47 0.2511  1320 48 0.1767  1320 49 0.1302  1320 50 0.093  1320 51 0.0837  1320 52 0.0837  1320 53 0.093  1320 54 0.093  1320 55 0.093  1320 56 0.093  1320 57 0.093  1320 58 0.1023  1320 59 0.1209  1320 60 0.1395  1320 61 0.1581  1320 62 0.1674  1320 63 0.1767  1320 64 0.1767  1320 65 0.186  1320 66 0.2046  1320 67 0.2418  1320 68 0.279  1320 69 0.3069  1320 70 0.3069  1320 71 0.2976  1320 72 0.2604  1320 73 0.2604  1320 74 0.279  1320 75 0.3255  1320 76 0.3999  1320 77 0.4464  1320 78 0.4557  1320 79 0.4371  1320 80 0.3906  1320 81 0.3534  1320 82 0.3348  1320 83 0.3255  1320 84 0.3348  1320 85 0.3162  1320 86 0.279  1320 87 0.2139  1320 88 0.1209  1320 89 0.0558  1320 90 0.0186  1320 91 0  1320 92 0.0093  1320 93 0.0279  1320 94 0.0372  1320 95 0.0372  
225 0 0  225 1 0.0051  225 2 0.0102  225 3 0.0153  225 4 0.0306  225 5 0.0408  225 6 0.051  225 7 0.0612  225 8 0.0714  225 9 0.0816  225 10 0.0918  225 11 0.0969  225 12 0.102  225 13 0.102  225 14 0.0918  225 15 0.0714  225 16 0.0459  225 17 0.0306  225 18 0.0255  225 19 0.0306  225 20 0.0459  225 21 0.0561  225 22 0.0612  225 23 0.0612  225 24 0.0612  225 25 0.0663  225 26 0.0816  225 27 0.1071  225 28 0.1428  225 29 0.1683  225 30 0.1734  225 31 0.1683  225 32 0.1479  225 33 0.1377  225 34 0.1326  225 35 0.1428  225 36 0.153  225 37 0.1581  225 38 0.1581  225 39 0.1428  225 40 0.1224  225 41 0.1122  225 42 0.1122  225 43 0.1275  225 44 0.1479  225 45 0.1581  225 46 0.1581  225 47 0.1479  225 48 0.1275  225 49 0.1122  225 50 0.1071  225 51 0.1071  225 52 0.1224  225 53 0.1224  225 54 0.1122  225 55 0.0969  225 56 0.0714  225 57 0.0561  225 58 0.051  225 59 0.0561  225 60 0.0714  225 61 0.0765  225 62 0.0816  225 63 0.0765  225 64 0.0663  225 65 0.0612  225 66 0.0612  225 67 0.0612  225 68 0.0714  225 69 0.0765  225 70 0.0765  225 71 0.0714  225 72 0.0561  225 73 0.051  225 74 0.0459  225 75 0.0408  225 76 0.0459  225 77 0.0459  225 78 0.0408  225 79 0.0408  225 80 0.0306  225 81 0.0306  225 82 0.0306  225 83 0.0306  225 84 0.0408  225 85 0.0459  225 86 0.051  225 87 0.051  225 88 0.0561  225 89 0.0561  225 90 0.0612  225 91 0.0714  225 92 0.0765  225 93 0.0765  225 94 0.0714  225 95 0.0561  
1559 0 0.0696  1559 1 0.0696  1559 2 0.0696  1559 3 0.0696  1559 4 0.0783  1559 5 0.0783  1559 6 0.0696  1559 7 0.0609  1559 8 0.0435  1559 9 0.0348  1559 10 0.0348  1559 11 0.0435  1559 12 0.0609  1559 13 0.0783  1559 14 0.087  1559 15 0.087  1559 16 0.087  1559 17 0.0783  1559 18 0.0783  1559 19 0.0696  1559 20 0.0609  1559 21 0.0522  1559 22 0.0435  1559 23 0.0348  1559 24 0.0174  1559 25 0.0087  1559 26 0.0087  1559 27 0.0087  1559 28 0.0174  1559 29 0.0174  1559 30 0.0174  1559 31 0.0174  1559 32 0.0087  1559 33 0  1559 34 0  1559 35 0  1559 36 0.0087  1559 37 0.0174  1559 38 0.0174  1559 39 0.0174  1559 40 0.0174  1559 41 0.0174  1559 42 0.0174  1559 43 0.0174  1559 44 0.0261  1559 45 0.0261  1559 46 0.0348  1559 47 0.0348  1559 48 0.0348  1559 49 0.0435  1559 50 0.0609  1559 51 0.087  1559 52 0.1131  1559 53 0.1305  1559 54 0.1305  1559 55 0.1218  1559 56 0.1131  1559 57 0.0957  1559 58 0.087  1559 59 0.087  1559 60 0.087  1559 61 0.0783  1559 62 0.0783  1559 63 0.0609  1559 64 0.0435  1559 65 0.0435  1559 66 0.0435  1559 67 0.0609  1559 68 0.087  1559 69 0.1044  1559 70 0.1131  1559 71 0.1131  1559 72 0.1131  1559 73 0.1044  1559 74 0.0957  1559 75 0.0957  1559 76 0.087  1559 77 0.0783  1559 78 0.0783  1559 79 0.0696  1559 80 0.0609  1559 81 0.0696  1559 82 0.087  1559 83 0.1044  1559 84 0.1392  1559 85 0.1566  1559 86 0.1653  1559 87 0.1566  1559 88 0.1305  1559 89 0.1131  1559 90 0.1044  1559 91 0.1044  1559 92 0.1131  1559 93 0.1131  1559 94 0.1044  1559 95 0.0957  

6483 0 0  6483 1 0  6483 2 0  6483 3 0  6483 4 0  6483 5 0  6483 6 0  6483 7 0  6483 8 0  6483 9 0  6483 10 0  6483 11 0  6483 12 0  6483 13 0  6483 14 0  6483 15 0  6483 16 0  6483 17 0  6483 18 0  6483 19 0  6483 20 0  6483 21 0  6483 22 0  6483 23 0  6483 24 0  6483 25 0  6483 26 0  6483 27 0  6483 28 0  6483 29 0  6483 30 0  6483 31 0  6483 32 0  6483 33 0  6483 34 0  6483 35 0  6483 36 0  6483 37 0  6483 38 0  6483 39 0  6483 40 0  6483 41 0  6483 42 0  6483 43 0  6483 44 0  6483 45 0  6483 46 0  6483 47 0  6483 48 0  6483 49 0  6483 50 0  6483 51 0  6483 52 0  6483 53 0  6483 54 0  6483 55 0  6483 56 0  6483 57 0  6483 58 0  6483 59 0  6483 60 0  6483 61 0  6483 62 0  6483 63 0  6483 64 0  6483 65 0  6483 66 0  6483 67 0  6483 68 0  6483 69 0  6483 70 0  6483 71 0  6483 72 0  6483 73 0  6483 74 0  6483 75 0  6483 76 0  6483 77 0  6483 78 0  6483 79 0  6483 80 0  6483 81 0  6483 82 0  6483 83 0  6483 84 0  6483 85 0  6483 86 0  6483 87 0  6483 88 0  6483 89 0  6483 90 0  6483 91 0  6483 92 0  6483 93 0  6483 94 0  6483 95 0  
;

param t := 
1483 1724 0.552933  
1483 1293 0.424861  
1483 1470 0.59685  
1483 888 0.334105  
1483 1840 0.13122  
1483 1406 0.0883589  
1483 789 0.54684  
1483 741 0.305725  
1483 1567 0.500954  
1483 256 0.649762  
1483 1699 0.70868  
1483 1538 0.341536  
1483 2050 0.21851  
1483 1088 0.20302  
1483 717 0.373135  
1483 1542 0.296907  
1483 1510 0.123019  
1483 284 0.560234  
1483 1213 0.601498  
1483 502 0.401154  
1483 2060 0.176741  
1483 1320 0.266982  
1483 225 0.386227  
1483 1559 0.271389  
1724 6483 0.474879  
1724 1293 0.538337  
1724 1470 0.686354  
1724 888 0.30528  
1724 1840 0.370184  
1724 1406 0.483134  
1724 789 0.52413  
1724 741 0.299349  
1724 1567 0.543861  
1724 256 0.394028  
1724 1699 0.233815  
1724 1538 0.235949  
1724 2050 0.382979  
1724 1088 0.329326  
1724 717 0.206712  
1724 1542 0.26853  
1724 1510 0.476946  
1724 284 0.385041  
1724 1213 0.462524  
1724 502 0.163402  
1724 2060 0.330679  
1724 1320 0.495035  
1724 225 0.22655  
1724 1559 0.483317  
1293 6483 0.327466  
1293 1724 0.503215  
1293 1470 0.286619  
1293 888 0.2405  
1293 1840 0.330814  
1293 1406 0.28632  
1293 789 0.288759  
1293 741 0.485644  
1293 1567 0.195165  
1293 256 0.397507  
1293 1699 0.472622  
1293 1538 0.400167  
1293 2050 0.234853  
1293 1088 0.31991  
1293 717 0.446263  
1293 1542 0.411008  
1293 1510 0.432325  
1293 284 0.300732  
1293 1213 0.320332  
1293 502 0.42132  
1293 2060 0.357963  
1293 1320 0.167475  
1293 225 0.4496  
1293 1559 0.16265  
1470 6483 0.525219  
1470 1724 0.654385  
1470 1293 0.281974  
1470 888 0.441437  
1470 1840 0.539829  
1470 1406 0.48681  
1470 789 0.336084  
1470 741 0.688808  
1470 1567 0.15656  
1470 256 0.413729  
1470 1699 0.629347  
1470 1538 0.599806  
1470 2050 0.431179  
1470 1088 0.515926  
1470 717 0.645424  
1470 1542 0.608394  
1470 1510 0.618864  
1470 284 0.419918  
1470 1213 0.129855  
1470 502 0.625691  
1470 2060 0.558271  
1470 1320 0.359706  
1470 225 0.649202  
1470 1559 0.354727  
888 6483 0.324571  
888 1724 0.311872  
888 1293 0.243801  
888 1470 0.440612  
888 1840 0.267459  
888 1406 0.281652  
888 789 0.336505  
888 741 0.316874  
888 1567 0.285726  
888 256 0.352628  
888 1699 0.419058  
888 1538 0.165409  
888 2050 0.13813  
888 1088 0.174671  
888 717 0.213127  
888 1542 0.186997  
888 1510 0.374221  
888 284 0.27947  
888 1213 0.236893  
888 502 0.192947  
888 2060 0.224716  
888 1320 0.199282  
888 225 0.220004  
888 1559 0.204151  
1840 6483 0.160684  
1840 1724 0.467755  
1840 1293 0.443107  
1840 1470 0.614632  
1840 888 0.348749  
1840 1406 0.191488  
1840 789 0.559264  
1840 741 0.218842  
1840 1567 0.518206  
1840 256 0.615665  
1840 1699 0.655298  
1840 1538 0.247031  
1840 2050 0.235051  
1840 1088 0.214737  
1840 717 0.275905  
1840 1542 0.206081  
1840 1510 0.162924  
1840 284 0.577966  
1840 1213 0.616973  
1840 502 0.331184  
1840 2060 0.0738475  
1840 1320 0.29422  
1840 225 0.292961  
1840 1559 0.298627  
1406 6483 0.0721135  
1406 1724 0.518096  
1406 1293 0.369867  
1406 1470 0.543319  
1406 888 0.29623  
1406 1840 0.172235  
1406 789 0.513656  
1406 741 0.331691  
1406 1567 0.449047  
1406 256 0.613763  
1406 1699 0.672574  
1406 1538 0.319972  
1406 2050 0.182914  
1406 1088 0.172394  
1406 717 0.36154  
1406 1542 0.275343  
1406 1510 0.195133  
1406 284 0.524235  
1406 1213 0.567038  
1406 502 0.366505  
1406 2060 0.189948  
1406 1320 0.188181  
1406 225 0.364878  
1406 1559 0.19305  
789 6483 0.466762  
789 1724 0.491527  
789 1293 0.332372  
789 1470 0.267464  
789 888 0.313802  
789 1840 0.476949  
789 1406 0.429442  
789 741 0.624848  
789 1567 0.201503  
789 256 0.210721  
789 1699 0.48668  
789 1538 0.471854  
789 2050 0.373811  
789 1088 0.476045  
789 717 0.51914  
789 1542 0.491145  
789 1510 0.564017  
789 284 0.20411  
789 1213 0.140571  
789 502 0.493007  
789 2060 0.532507  
789 1320 0.328549  
789 225 0.522246  
789 1559 0.32357  
741 6483 0.298399  
741 1724 0.316817  
741 1293 0.53833  
741 1470 0.727626  
741 888 0.326349  
741 1840 0.195719  
741 1406 0.323135  
741 789 0.658133  
741 1567 0.626893  
741 256 0.529429  
741 1699 0.50933  
741 1538 0.172078  
741 2050 0.297231  
741 1088 0.228529  
741 717 0.0919102  
741 1542 0.150749  
741 1510 0.30137  
741 284 0.520675  
741 1213 0.559603  
741 502 0.211158  
741 2060 0.17045  
741 1320 0.419667  
741 225 0.129091  
741 1559 0.424074  
1567 6483 0.406439  
1567 1724 0.562265  
1567 1293 0.183927  
1567 1470 0.150453  
1567 888 0.304669  
1567 1840 0.416626  
1567 1406 0.369119  
1567 789 0.205129  
1567 741 0.570122  
1567 256 0.34052  
1567 1699 0.512556  
1567 1538 0.464852  
1567 2050 0.313488  
1567 1088 0.400106  
1567 717 0.511714  
1567 1542 0.484143  
1567 1510 0.509621  
1567 284 0.304396  
1567 1213 0.158891  
1567 502 0.486005  
1567 2060 0.444116  
1567 1320 0.268846  
1567 225 0.514929  
1567 1559 0.268644  
256 6483 0.533177  
256 1724 0.399853  
256 1293 0.404  
256 1470 0.424967  
256 888 0.342066  
256 1840 0.531727  
256 1406 0.49337  
256 789 0.207653  
256 741 0.50736  
256 1567 0.333013  
256 1699 0.360624  
256 1538 0.384927  
256 2050 0.463553  
256 1088 0.449458  
256 717 0.415417  
256 1542 0.420606  
256 1510 0.625649  
256 284 0.0824849  
256 1213 0.290078  
256 502 0.367347  
256 2060 0.488163  
256 1320 0.392476  
256 225 0.42098  
256 1559 0.387498  
1699 6483 0.641243  
1699 1724 0.223878  
1699 1293 0.496863  
1699 1470 0.644865  
1699 888 0.401137  
1699 1840 0.571143  
1699 1406 0.599966  
1699 789 0.500023  
1699 741 0.480968  
1699 1567 0.509056  
1699 256 0.346351  
1699 1538 0.426522  
1699 2050 0.508236  
1699 1088 0.489571  
1699 717 0.394782  
1699 1542 0.460572  
1699 1510 0.666621  
1699 284 0.337364  
1699 1213 0.426072  
1699 502 0.35174  
1699 2060 0.52774  
1699 1320 0.501144  
1699 225 0.400346  
1699 1559 0.496508  
1538 6483 0.290287  
1538 1724 0.232177  
1538 1293 0.418682  
1538 1470 0.590854  
1538 888 0.152565  
1538 1840 0.18729  
1538 1406 0.290313  
1538 789 0.494322  
1538 741 0.170415  
1538 1567 0.466211  
1538 256 0.369659  
1538 1699 0.427504  
1538 2050 0.215188  
1538 1088 0.146584  
1538 717 0.0856612  
1538 1542 0.0652348  
1538 1510 0.294119  
1538 284 0.360673  
1538 1213 0.387191  
1538 502 0.0829226  
1538 2060 0.142019  
1538 1320 0.346125  
1538 225 0.0925381  
1538 1559 0.334407  
2050 6483 0.21447  
2050 1724 0.412182  
2050 1293 0.274686  
2050 1470 0.464518  
2050 888 0.148871  
2050 1840 0.215969  
2050 1406 0.170344  
2050 789 0.45354  
2050 741 0.293459  
2050 1567 0.355746  
2050 256 0.456861  
2050 1699 0.517006  
2050 1538 0.212501  
2050 1088 0.0837039  
2050 717 0.266976  
2050 1542 0.17155  
2050 1510 0.320799  
2050 284 0.384992  
2050 1213 0.464423  
2050 502 0.260497  
2050 2060 0.171022  
2050 1320 0.158696  
2050 225 0.270811  
2050 1559 0.163565  
1088 6483 0.235094  
1088 1724 0.350933  
1088 1293 0.348049  
1088 1470 0.521726  
1088 888 0.152759  
1088 1840 0.182169  
1088 1406 0.203648  
1088 789 0.472866  
1088 741 0.235257  
1088 1567 0.408257  
1088 256 0.454773  
1088 1699 0.518607  
1088 1538 0.152827  
1088 2050 0.0887706  
1088 717 0.207423  
1088 1542 0.111877  
1088 1510 0.28923  
1088 284 0.401645  
1088 1213 0.367958  
1088 502 0.201691  
1088 2060 0.136898  
1088 1320 0.247467  
1088 225 0.2143  
1088 1559 0.252114  
717 6483 0.347486  
717 1724 0.222062  
717 1293 0.476675  
717 1470 0.646302  
717 888 0.215128  
717 1840 0.244414  
717 1406 0.326332  
717 789 0.548148  
717 741 0.0915411  
717 1567 0.525703  
717 256 0.392397  
717 1699 0.417402  
717 1538 0.0935591  
717 2050 0.25389  
717 1088 0.185286  
717 1542 0.107506  
717 1510 0.351094  
717 284 0.38341  
717 1213 0.449238  
717 502 0.119248  
717 2060 0.180721  
717 1320 0.408886  
717 225 0.0371804  
717 1559 0.413293  
1542 6483 0.257945  
1542 1724 0.273446  
1542 1293 0.443328  
1542 1470 0.614851  
1542 888 0.199178  
1542 1840 0.154591  
1542 1406 0.259446  
1542 789 0.543236  
1542 741 0.1445  
1542 1567 0.509355  
1542 256 0.410977  
1542 1699 0.46825  
1542 1538 0.0409502  
1542 2050 0.182489  
1542 1088 0.113886  
1542 717 0.0980783  
1542 1510 0.260986  
1542 284 0.40199  
1542 1213 0.435858  
1542 502 0.123873  
1542 2060 0.109321  
1542 1320 0.346703  
1542 225 0.104955  
1542 1559 0.355545  
1510 6483 0.123708  
1510 1724 0.585537  
1510 1293 0.522764  
1510 1470 0.705614  
1510 888 0.434666  
1510 1840 0.118353  
1510 1406 0.212067  
1510 789 0.648764  
1510 741 0.329162  
1510 1567 0.607922  
1510 256 0.760018  
1510 1699 0.777591  
1510 1538 0.369386  
1510 2050 0.329479  
1510 1088 0.319147  
1510 717 0.401896  
1510 1542 0.336746  
1510 284 0.670491  
1510 1213 0.708733  
1510 502 0.452903  
1510 2060 0.1922  
1510 1320 0.376921  
1510 225 0.440325  
1510 1559 0.381328  
284 6483 0.455211  
284 1724 0.374624  
284 1293 0.320853  
284 1470 0.36668  
284 888 0.269017  
284 1840 0.465398  
284 1406 0.417891  
284 789 0.203132  
284 741 0.480768  
284 1567 0.292398  
284 256 0.0897613  
284 1699 0.332479  
284 1538 0.358131  
284 2050 0.38046  
284 1088 0.43126  
284 717 0.404227  
284 1542 0.393811  
284 1510 0.554249  
284 1213 0.23218  
284 502 0.337894  
284 2060 0.461368  
284 1320 0.31715  
284 225 0.407565  
284 1559 0.312171  
1213 6483 0.477374  
1213 1724 0.518997  
1213 1293 0.300914  
1213 1470 0.122179  
1213 888 0.317013  
1213 1840 0.487561  
1213 1406 0.440055  
1213 789 0.195245  
1213 741 0.629327  
1213 1567 0.120633  
1213 256 0.293083  
1213 1699 0.499671  
1213 1538 0.474909  
1213 2050 0.384423  
1213 1088 0.471041  
1213 717 0.522156  
1213 1542 0.494201  
1213 1510 0.574581  
1213 284 0.296455  
1213 502 0.496063  
1213 2060 0.515068  
1213 1320 0.339161  
1213 225 0.52544  
1213 1559 0.334182  
502 6483 0.340131  
502 1724 0.171  
502 1293 0.446812  
502 1470 0.618306  
502 888 0.18301  
502 1840 0.236164  
502 1406 0.330654  
502 789 0.484694  
502 741 0.212469  
502 1567 0.495107  
502 256 0.357513  
502 1699 0.365918  
502 1538 0.0921149  
502 2050 0.247857  
502 1088 0.189442  
502 717 0.120928  
502 1542 0.131172  
502 1510 0.342589  
502 284 0.348527  
502 1213 0.416777  
502 2060 0.190893  
502 1320 0.370568  
502 225 0.126464  
502 1559 0.35885  
2060 6483 0.148404  
2060 1724 0.406004  
2060 1293 0.449717  
2060 1470 0.621187  
2060 888 0.278084  
2060 1840 0.0452705  
2060 1406 0.198015  
2060 789 0.59198  
2060 741 0.182079  
2060 1567 0.524134  
2060 256 0.537912  
2060 1699 0.587074  
2060 1538 0.173183  
2060 2050 0.182235  
2060 1088 0.143724  
2060 717 0.21658  
2060 1542 0.132233  
2060 1510 0.150643  
2060 284 0.521888  
2060 1213 0.624034  
2060 502 0.255182  
2060 1320 0.299696  
2060 225 0.223457  
2060 1559 0.304102  
1320 6483 0.246687  
1320 1724 0.465192  
1320 1293 0.169425  
1320 1470 0.385341  
1320 888 0.161983  
1320 1840 0.248186  
1320 1406 0.219319  
1320 789 0.323061  
1320 741 0.403182  
1320 1567 0.26245  
1320 256 0.408273  
1320 1699 0.499494  
1320 1538 0.327543  
1320 2050 0.147402  
1320 1088 0.231106  
1320 717 0.373639  
1320 1542 0.327837  
1320 1510 0.348633  
1320 284 0.327941  
1320 1213 0.374269  
1320 502 0.348886  
1320 2060 0.265686  
1320 225 0.376976  
1320 1559 0.00486923  
225 6483 0.320881  
225 1724 0.221826  
225 1293 0.46806  
225 1470 0.638026  
225 888 0.206412  
225 1840 0.217276  
225 1406 0.318434  
225 789 0.54503  
225 741 0.126801  
225 1567 0.516872  
225 256 0.384693  
225 1699 0.428805  
225 1538 0.0848436  
225 2050 0.245174  
225 1088 0.176571  
225 717 0.0352597  
225 1542 0.0987903  
225 1510 0.32346  
225 284 0.375706  
225 1213 0.43939  
225 502 0.110532  
225 2060 0.172006  
225 1320 0.400208  
225 1559 0.404614  
1559 6483 0.251555  
1559 1724 0.470138  
1559 1293 0.164556  
1559 1470 0.380645  
1559 888 0.166808  
1559 1840 0.252517  
1559 1406 0.224144  
1559 789 0.327986  
1559 741 0.407297  
1559 1567 0.277584  
1559 256 0.412786  
1559 1699 0.503084  
1559 1538 0.332187  
1559 2050 0.152228  
1559 1088 0.235931  
1559 717 0.378283  
1559 1542 0.332245  
1559 1510 0.353573  
1559 284 0.331877  
1559 1213 0.379027  
1559 502 0.353452  
1559 2060 0.270553  
1559 1320 0.00482505  
1559 225 0.38162  
;

