param o := 364 ;
param s := 5364 ;

set R := 340 1775 36 2195 1547 301 1656 120 1321 1076 1936 136 1372 1697 1427 98 672 1717 264 590 1525 963 322 235 ;
set M := 0 1 2 3 4 5 6 7 8 9 10 11 12 13 14 15 16 17 18 19 20 21 22 23 24 25 26 27 28 29 30 31 32 33 34 35 36 37 38 39 40 41 42 43 44 45 46 47 48 49 50 51 52 53 54 55 56 57 58 59 60 61 62 63 64 65 66 67 68 69 70 71 72 73 74 75 76 77 78 79 80 81 82 83 84 85 86 87 88 89 90 91 92 93 94 95 ;
param TTI := 
0 0
1 0.25
2 0.5
3 0.75
4 1
5 1.25
6 1.5
7 1.75
8 2
9 2.25
10 2.5
11 2.75
12 3
13 3.25
14 3.5
15 3.75
16 4
17 4.25
18 4.5
19 4.75
20 5
21 5.25
22 5.5
23 5.75
24 6
25 6.25
26 6.5
27 6.75
28 7
29 7.25
30 7.5
31 7.75
32 8
33 8.25
34 8.5
35 8.75
36 9
37 9.25
38 9.5
39 9.75
40 10
41 10.25
42 10.5
43 10.75
44 11
45 11.25
46 11.5
47 11.75
48 12
49 12.25
50 12.5
51 12.75
52 13
53 13.25
54 13.5
55 13.75
56 14
57 14.25
58 14.5
59 14.75
60 15
61 15.25
62 15.5
63 15.75
64 16
65 16.25
66 16.5
67 16.75
68 17
69 17.25
70 17.5
71 17.75
72 18
73 18.25
74 18.5
75 18.75
76 19
77 19.25
78 19.5
79 19.75
80 20
81 20.25
82 20.5
83 20.75
84 21
85 21.25
86 21.5
87 21.75
88 22
89 22.25
90 22.5
91 22.75
92 23
93 23.25
94 23.5
95 23.75
;

param TTF := 
0 0.25
1 0.5
2 0.75
3 1
4 1.25
5 1.5
6 1.75
7 2
8 2.25
9 2.5
10 2.75
11 3
12 3.25
13 3.5
14 3.75
15 4
16 4.25
17 4.5
18 4.75
19 5
20 5.25
21 5.5
22 5.75
23 6
24 6.25
25 6.5
26 6.75
27 7
28 7.25
29 7.5
30 7.75
31 8
32 8.25
33 8.5
34 8.75
35 9
36 9.25
37 9.5
38 9.75
39 10
40 10.25
41 10.5
42 10.75
43 11
44 11.25
45 11.5
46 11.75
47 12
48 12.25
49 12.5
50 12.75
51 13
52 13.25
53 13.5
54 13.75
55 14
56 14.25
57 14.5
58 14.75
59 15
60 15.25
61 15.5
62 15.75
63 16
64 16.25
65 16.5
66 16.75
67 17
68 17.25
69 17.5
70 17.75
71 18
72 18.25
73 18.5
74 18.75
75 19
76 19.25
77 19.5
78 19.75
79 20
80 20.25
81 20.5
82 20.75
83 21
84 21.25
85 21.5
86 21.75
87 22
88 22.25
89 22.5
90 22.75
91 23
92 23.25
93 23.5
94 23.75
95 24
;

param tf := 
364 0 0.0833  364 1 0.0882  364 2 0.0931  364 3 0.098  364 4 0.1029  364 5 0.1127  364 6 0.1225  364 7 0.1323  364 8 0.1421  364 9 0.147  364 10 0.147  364 11 0.1421  364 12 0.1274  364 13 0.1176  364 14 0.1127  364 15 0.1127  364 16 0.1127  364 17 0.1176  364 18 0.1176  364 19 0.1176  364 20 0.1127  364 21 0.1127  364 22 0.1127  364 23 0.1127  364 24 0.1127  364 25 0.1127  364 26 0.1176  364 27 0.1225  364 28 0.1225  364 29 0.1274  364 30 0.1372  364 31 0.1421  364 32 0.147  364 33 0.1519  364 34 0.147  364 35 0.1323  364 36 0.1176  364 37 0.1029  364 38 0.0882  364 39 0.0784  364 40 0.0686  364 41 0.0588  364 42 0.0441  364 43 0.0294  364 44 0.0098  364 45 0  364 46 0.0049  364 47 0.0196  364 48 0.0441  364 49 0.0637  364 50 0.0686  364 51 0.0735  364 52 0.0686  364 53 0.0686  364 54 0.0637  364 55 0.0637  364 56 0.0637  364 57 0.0588  364 58 0.0588  364 59 0.0588  364 60 0.0539  364 61 0.0588  364 62 0.0686  364 63 0.0833  364 64 0.1029  364 65 0.1176  364 66 0.1176  364 67 0.1078  364 68 0.0882  364 69 0.0784  364 70 0.0686  364 71 0.0735  364 72 0.0784  364 73 0.0833  364 74 0.0833  364 75 0.0784  364 76 0.0686  364 77 0.0637  364 78 0.0637  364 79 0.0686  364 80 0.0833  364 81 0.0931  364 82 0.098  364 83 0.1029  364 84 0.098  364 85 0.1029  364 86 0.1029  364 87 0.1029  364 88 0.1078  364 89 0.1127  364 90 0.1127  364 91 0.1078  364 92 0.1029  364 93 0.098  364 94 0.0931  364 95 0.0931  
340 0 0.186  340 1 0.186  340 2 0.1953  340 3 0.1953  340 4 0.2046  340 5 0.2046  340 6 0.1767  340 7 0.1488  340 8 0.093  340 9 0.0651  340 10 0.0558  340 11 0.0651  340 12 0.0837  340 13 0.1023  340 14 0.1116  340 15 0.1116  340 16 0.1116  340 17 0.1116  340 18 0.1209  340 19 0.1302  340 20 0.1581  340 21 0.1674  340 22 0.1581  340 23 0.1302  340 24 0.093  340 25 0.0744  340 26 0.0744  340 27 0.1023  340 28 0.1581  340 29 0.1953  340 30 0.2139  340 31 0.2139  340 32 0.2046  340 33 0.1953  340 34 0.1767  340 35 0.1581  340 36 0.1395  340 37 0.1209  340 38 0.093  340 39 0.0558  340 40 0.0279  340 41 0.0093  340 42 0  340 43 0.0093  340 44 0.0372  340 45 0.0558  340 46 0.0651  340 47 0.0651  340 48 0.0558  340 49 0.0651  340 50 0.093  340 51 0.1302  340 52 0.186  340 53 0.2139  340 54 0.2325  340 55 0.2325  340 56 0.2046  340 57 0.1953  340 58 0.1953  340 59 0.2046  340 60 0.2232  340 61 0.2232  340 62 0.2046  340 63 0.1674  340 64 0.1116  340 65 0.0651  340 66 0.0465  340 67 0.0465  340 68 0.0651  340 69 0.0744  340 70 0.0837  340 71 0.093  340 72 0.093  340 73 0.1116  340 74 0.1302  340 75 0.1581  340 76 0.1953  340 77 0.2232  340 78 0.2232  340 79 0.2046  340 80 0.1674  340 81 0.1395  340 82 0.1302  340 83 0.1395  340 84 0.1581  340 85 0.1581  340 86 0.1488  340 87 0.1116  340 88 0.0651  340 89 0.0465  340 90 0.0465  340 91 0.0744  340 92 0.1209  340 93 0.1581  340 94 0.186  340 95 0.1953  
1775 0 0.0816  1775 1 0.0816  1775 2 0.0768  1775 3 0.0768  1775 4 0.0672  1775 5 0.0624  1775 6 0.0576  1775 7 0.0528  1775 8 0.048  1775 9 0.0432  1775 10 0.0384  1775 11 0.0336  1775 12 0.0336  1775 13 0.0336  1775 14 0.0384  1775 15 0.048  1775 16 0.0624  1775 17 0.0672  1775 18 0.072  1775 19 0.0672  1775 20 0.0624  1775 21 0.0576  1775 22 0.0528  1775 23 0.0528  1775 24 0.0528  1775 25 0.0528  1775 26 0.0432  1775 27 0.0288  1775 28 0.0144  1775 29 0.0048  1775 30 0  1775 31 0.0048  1775 32 0.0144  1775 33 0.0192  1775 34 0.0192  1775 35 0.0144  1775 36 0.0096  1775 37 0.0048  1775 38 0.0096  1775 39 0.0144  1775 40 0.024  1775 41 0.0288  1775 42 0.0288  1775 43 0.024  1775 44 0.0144  1775 45 0.0048  1775 46 0.0048  1775 47 0.0144  1775 48 0.024  1775 49 0.0288  1775 50 0.0336  1775 51 0.0288  1775 52 0.024  1775 53 0.024  1775 54 0.0288  1775 55 0.0384  1775 56 0.048  1775 57 0.0576  1775 58 0.0624  1775 59 0.0576  1775 60 0.048  1775 61 0.048  1775 62 0.0432  1775 63 0.048  1775 64 0.0528  1775 65 0.0528  1775 66 0.0528  1775 67 0.0528  1775 68 0.048  1775 69 0.048  1775 70 0.048  1775 71 0.048  1775 72 0.0576  1775 73 0.0624  1775 74 0.0624  1775 75 0.0624  1775 76 0.0624  1775 77 0.0624  1775 78 0.0624  1775 79 0.0672  1775 80 0.0672  1775 81 0.0672  1775 82 0.0672  1775 83 0.0672  1775 84 0.0624  1775 85 0.0624  1775 86 0.0624  1775 87 0.0576  1775 88 0.0576  1775 89 0.0576  1775 90 0.0528  1775 91 0.048  1775 92 0.048  1775 93 0.048  1775 94 0.048  1775 95 0.0576  
36 0 0.1224  36 1 0.1176  36 2 0.1128  36 3 0.108  36 4 0.0984  36 5 0.0912  36 6 0.0864  36 7 0.0792  36 8 0.0744  36 9 0.072  36 10 0.0672  36 11 0.0624  36 12 0.0576  36 13 0.0552  36 14 0.0528  36 15 0.0528  36 16 0.0528  36 17 0.048  36 18 0.0384  36 19 0.0264  36 20 0.0096  36 21 0.0024  36 22 0  36 23 0.0072  36 24 0.0216  36 25 0.0288  36 26 0.0312  36 27 0.0264  36 28 0.0168  36 29 0.012  36 30 0.0096  36 31 0.012  36 32 0.0192  36 33 0.0264  36 34 0.0312  36 35 0.036  36 36 0.0384  36 37 0.0432  36 38 0.0504  36 39 0.0576  36 40 0.0696  36 41 0.0744  36 42 0.0816  36 43 0.084  36 44 0.084  36 45 0.0864  36 46 0.0912  36 47 0.0984  36 48 0.108  36 49 0.1104  36 50 0.1056  36 51 0.096  36 52 0.0768  36 53 0.0648  36 54 0.0576  36 55 0.0576  36 56 0.0624  36 57 0.0624  36 58 0.06  36 59 0.0552  36 60 0.048  36 61 0.0408  36 62 0.0408  36 63 0.0456  36 64 0.0528  36 65 0.0576  36 66 0.06  36 67 0.0624  36 68 0.06  36 69 0.0648  36 70 0.0744  36 71 0.0912  36 72 0.1128  36 73 0.1296  36 74 0.1392  36 75 0.1392  36 76 0.1344  36 77 0.132  36 78 0.132  36 79 0.132  36 80 0.1344  36 81 0.1392  36 82 0.1392  36 83 0.1344  36 84 0.132  36 85 0.1296  36 86 0.1248  36 87 0.1224  36 88 0.1176  36 89 0.1152  36 90 0.1104  36 91 0.1056  36 92 0.0984  36 93 0.096  36 94 0.096  36 95 0.1008  
2195 0 0  2195 1 0.007  2195 2 0.007  2195 3 0.014  2195 4 0.021  2195 5 0.028  2195 6 0.035  2195 7 0.042  2195 8 0.049  2195 9 0.056  2195 10 0.063  2195 11 0.07  2195 12 0.077  2195 13 0.07  2195 14 0.063  2195 15 0.049  2195 16 0.035  2195 17 0.021  2195 18 0.021  2195 19 0.021  2195 20 0.035  2195 21 0.035  2195 22 0.042  2195 23 0.042  2195 24 0.042  2195 25 0.049  2195 26 0.056  2195 27 0.077  2195 28 0.105  2195 29 0.119  2195 30 0.126  2195 31 0.119  2195 32 0.105  2195 33 0.098  2195 34 0.098  2195 35 0.098  2195 36 0.112  2195 37 0.112  2195 38 0.112  2195 39 0.105  2195 40 0.084  2195 41 0.084  2195 42 0.084  2195 43 0.091  2195 44 0.105  2195 45 0.112  2195 46 0.112  2195 47 0.105  2195 48 0.091  2195 49 0.077  2195 50 0.077  2195 51 0.077  2195 52 0.084  2195 53 0.084  2195 54 0.084  2195 55 0.07  2195 56 0.049  2195 57 0.035  2195 58 0.035  2195 59 0.035  2195 60 0.049  2195 61 0.056  2195 62 0.056  2195 63 0.056  2195 64 0.049  2195 65 0.042  2195 66 0.042  2195 67 0.042  2195 68 0.049  2195 69 0.056  2195 70 0.056  2195 71 0.049  2195 72 0.042  2195 73 0.035  2195 74 0.028  2195 75 0.028  2195 76 0.028  2195 77 0.028  2195 78 0.028  2195 79 0.028  2195 80 0.021  2195 81 0.021  2195 82 0.021  2195 83 0.021  2195 84 0.028  2195 85 0.035  2195 86 0.035  2195 87 0.035  2195 88 0.035  2195 89 0.042  2195 90 0.042  2195 91 0.049  2195 92 0.056  2195 93 0.056  2195 94 0.049  2195 95 0.042  
1547 0 0.1452  1547 1 0.1584  1547 2 0.1716  1547 3 0.1782  1547 4 0.198  1547 5 0.2112  1547 6 0.2046  1547 7 0.1914  1547 8 0.1716  1547 9 0.1518  1547 10 0.1386  1547 11 0.1254  1547 12 0.1254  1547 13 0.1188  1547 14 0.1056  1547 15 0.0792  1547 16 0.0462  1547 17 0.033  1547 18 0.0264  1547 19 0.0396  1547 20 0.066  1547 21 0.0792  1547 22 0.0924  1547 23 0.0924  1547 24 0.0858  1547 25 0.0924  1547 26 0.1122  1547 27 0.1452  1547 28 0.1914  1547 29 0.2112  1547 30 0.2112  1547 31 0.1914  1547 32 0.1584  1547 33 0.1254  1547 34 0.1122  1547 35 0.1122  1547 36 0.1188  1547 37 0.1188  1547 38 0.1056  1547 39 0.0726  1547 40 0.033  1547 41 0.0066  1547 42 0  1547 43 0.0066  1547 44 0.033  1547 45 0.0462  1547 46 0.0594  1547 47 0.066  1547 48 0.0726  1547 49 0.0726  1547 50 0.0792  1547 51 0.0858  1547 52 0.0858  1547 53 0.0858  1547 54 0.0792  1547 55 0.0594  1547 56 0.033  1547 57 0.0198  1547 58 0.0198  1547 59 0.033  1547 60 0.0528  1547 61 0.0726  1547 62 0.0858  1547 63 0.0924  1547 64 0.099  1547 65 0.099  1547 66 0.099  1547 67 0.099  1547 68 0.099  1547 69 0.0924  1547 70 0.0792  1547 71 0.066  1547 72 0.0462  1547 73 0.0462  1547 74 0.0528  1547 75 0.0792  1547 76 0.1188  1547 77 0.1386  1547 78 0.1452  1547 79 0.1386  1547 80 0.1188  1547 81 0.1056  1547 82 0.099  1547 83 0.099  1547 84 0.1056  1547 85 0.1122  1547 86 0.1122  1547 87 0.1122  1547 88 0.1056  1547 89 0.1056  1547 90 0.1122  1547 91 0.1254  1547 92 0.1452  1547 93 0.165  1547 94 0.165  1547 95 0.165  
301 0 0.0744  301 1 0.0775  301 2 0.0775  301 3 0.0806  301 4 0.0868  301 5 0.0837  301 6 0.0775  301 7 0.0651  301 8 0.0434  301 9 0.0372  301 10 0.0372  301 11 0.0496  301 12 0.0713  301 13 0.0868  301 14 0.0961  301 15 0.0961  301 16 0.093  301 17 0.0899  301 18 0.0837  301 19 0.0775  301 20 0.0713  301 21 0.062  301 22 0.0496  301 23 0.0372  301 24 0.0186  301 25 0.0093  301 26 0.0062  301 27 0.0093  301 28 0.0155  301 29 0.0217  301 30 0.0186  301 31 0.0155  301 32 0.0062  301 33 0.0031  301 34 0  301 35 0.0031  301 36 0.0093  301 37 0.0155  301 38 0.0186  301 39 0.0186  301 40 0.0186  301 41 0.0155  301 42 0.0186  301 43 0.0217  301 44 0.0248  301 45 0.031  301 46 0.0341  301 47 0.0372  301 48 0.0403  301 49 0.0496  301 50 0.0651  301 51 0.0899  301 52 0.1209  301 53 0.1395  301 54 0.1457  301 55 0.1364  301 56 0.1209  301 57 0.1054  301 58 0.0961  301 59 0.093  301 60 0.093  301 61 0.0899  301 62 0.0837  301 63 0.0682  301 64 0.0496  301 65 0.0434  301 66 0.0496  301 67 0.0682  301 68 0.0961  301 69 0.1178  301 70 0.1271  301 71 0.1302  301 72 0.1209  301 73 0.1147  301 74 0.1085  301 75 0.1023  301 76 0.0961  301 77 0.0899  301 78 0.0837  301 79 0.0775  301 80 0.0713  301 81 0.0775  301 82 0.0899  301 83 0.1178  301 84 0.1519  301 85 0.1736  301 86 0.1798  301 87 0.1674  301 88 0.1426  301 89 0.1271  301 90 0.1178  301 91 0.1178  301 92 0.1209  301 93 0.124  301 94 0.1178  301 95 0.1085  
1656 0 0.126  1656 1 0.126  1656 2 0.117  1656 3 0.117  1656 4 0.108  1656 5 0.108  1656 6 0.126  1656 7 0.144  1656 8 0.171  1656 9 0.189  1656 10 0.18  1656 11 0.171  1656 12 0.135  1656 13 0.117  1656 14 0.108  1656 15 0.117  1656 16 0.135  1656 17 0.153  1656 18 0.162  1656 19 0.18  1656 20 0.198  1656 21 0.216  1656 22 0.243  1656 23 0.261  1656 24 0.279  1656 25 0.288  1656 26 0.297  1656 27 0.297  1656 28 0.288  1656 29 0.279  1656 30 0.27  1656 31 0.27  1656 32 0.261  1656 33 0.252  1656 34 0.234  1656 35 0.207  1656 36 0.171  1656 37 0.153  1656 38 0.144  1656 39 0.144  1656 40 0.162  1656 41 0.171  1656 42 0.171  1656 43 0.171  1656 44 0.162  1656 45 0.162  1656 46 0.18  1656 47 0.198  1656 48 0.234  1656 49 0.252  1656 50 0.261  1656 51 0.252  1656 52 0.234  1656 53 0.216  1656 54 0.198  1656 55 0.18  1656 56 0.162  1656 57 0.144  1656 58 0.117  1656 59 0.099  1656 60 0.072  1656 61 0.063  1656 62 0.072  1656 63 0.099  1656 64 0.135  1656 65 0.162  1656 66 0.18  1656 67 0.198  1656 68 0.198  1656 69 0.207  1656 70 0.216  1656 71 0.225  1656 72 0.243  1656 73 0.261  1656 74 0.261  1656 75 0.27  1656 76 0.261  1656 77 0.261  1656 78 0.27  1656 79 0.27  1656 80 0.279  1656 81 0.27  1656 82 0.252  1656 83 0.216  1656 84 0.162  1656 85 0.135  1656 86 0.117  1656 87 0.117  1656 88 0.126  1656 89 0.117  1656 90 0.099  1656 91 0.072  1656 92 0.027  1656 93 0  1656 94 0  1656 95 0.018  
120 0 0.0231  120 1 0.0231  120 2 0.0308  120 3 0.0308  120 4 0.0462  120 5 0.0539  120 6 0.0616  120 7 0.0693  120 8 0.0693  120 9 0.077  120 10 0.0847  120 11 0.0847  120 12 0.0924  120 13 0.0924  120 14 0.1001  120 15 0.1001  120 16 0.1001  120 17 0.1001  120 18 0.1155  120 19 0.1309  120 20 0.1463  120 21 0.154  120 22 0.154  120 23 0.1463  120 24 0.1309  120 25 0.1232  120 26 0.1232  120 27 0.1309  120 28 0.1386  120 29 0.1463  120 30 0.1463  120 31 0.1463  120 32 0.1386  120 33 0.1309  120 34 0.1232  120 35 0.1155  120 36 0.1155  120 37 0.1078  120 38 0.1001  120 39 0.0924  120 40 0.077  120 41 0.0693  120 42 0.0693  120 43 0.0616  120 44 0.0616  120 45 0.0616  120 46 0.0539  120 47 0.0462  120 48 0.0385  120 49 0.0308  120 50 0.0385  120 51 0.0539  120 52 0.0693  120 53 0.0847  120 54 0.0924  120 55 0.0924  120 56 0.0847  120 57 0.0847  120 58 0.0924  120 59 0.0924  120 60 0.1001  120 61 0.1078  120 62 0.1078  120 63 0.1078  120 64 0.1001  120 65 0.0924  120 66 0.0924  120 67 0.0847  120 68 0.0924  120 69 0.0847  120 70 0.077  120 71 0.0539  120 72 0.0308  120 73 0.0077  120 74 0  120 75 0  120 76 0.0077  120 77 0.0077  120 78 0.0077  120 79 0.0077  120 80 0.0077  120 81 0  120 82 0  120 83 0.0077  120 84 0.0077  120 85 0.0154  120 86 0.0154  120 87 0.0231  120 88 0.0231  120 89 0.0308  120 90 0.0308  120 91 0.0385  120 92 0.0462  120 93 0.0539  120 94 0.0462  120 95 0.0462  
1321 0 0  1321 1 0.008  1321 2 0.016  1321 3 0.024  1321 4 0.04  1321 5 0.048  1321 6 0.048  1321 7 0.048  1321 8 0.04  1321 9 0.04  1321 10 0.032  1321 11 0.032  1321 12 0.024  1321 13 0.024  1321 14 0.024  1321 15 0.016  1321 16 0.016  1321 17 0.016  1321 18 0.016  1321 19 0.024  1321 20 0.032  1321 21 0.032  1321 22 0.032  1321 23 0.032  1321 24 0.024  1321 25 0.016  1321 26 0.016  1321 27 0.024  1321 28 0.024  1321 29 0.024  1321 30 0.024  1321 31 0.016  1321 32 0.008  1321 33 0  1321 34 0  1321 35 0  1321 36 0.008  1321 37 0.016  1321 38 0.016  1321 39 0.016  1321 40 0.024  1321 41 0.024  1321 42 0.032  1321 43 0.048  1321 44 0.056  1321 45 0.064  1321 46 0.064  1321 47 0.064  1321 48 0.048  1321 49 0.04  1321 50 0.04  1321 51 0.048  1321 52 0.064  1321 53 0.08  1321 54 0.08  1321 55 0.08  1321 56 0.072  1321 57 0.064  1321 58 0.064  1321 59 0.064  1321 60 0.064  1321 61 0.072  1321 62 0.064  1321 63 0.064  1321 64 0.056  1321 65 0.048  1321 66 0.048  1321 67 0.048  1321 68 0.048  1321 69 0.048  1321 70 0.048  1321 71 0.032  1321 72 0.024  1321 73 0.016  1321 74 0.016  1321 75 0.032  1321 76 0.048  1321 77 0.064  1321 78 0.072  1321 79 0.072  1321 80 0.064  1321 81 0.064  1321 82 0.064  1321 83 0.064  1321 84 0.072  1321 85 0.072  1321 86 0.064  1321 87 0.048  1321 88 0.032  1321 89 0.016  1321 90 0.008  1321 91 0.008  1321 92 0.008  1321 93 0.008  1321 94 0.008  1321 95 0.008  
1076 0 0.0936  1076 1 0.0858  1076 2 0.0858  1076 3 0.078  1076 4 0.0702  1076 5 0.0546  1076 6 0.0546  1076 7 0.0468  1076 8 0.039  1076 9 0.0312  1076 10 0.0234  1076 11 0.0156  1076 12 0.0078  1076 13 0  1076 14 0  1076 15 0.0078  1076 16 0.0156  1076 17 0.0234  1076 18 0.0234  1076 19 0.0156  1076 20 0.0078  1076 21 0  1076 22 0  1076 23 0.0156  1076 24 0.0312  1076 25 0.039  1076 26 0.0468  1076 27 0.0546  1076 28 0.0546  1076 29 0.0546  1076 30 0.0624  1076 31 0.0624  1076 32 0.0702  1076 33 0.0702  1076 34 0.0702  1076 35 0.0702  1076 36 0.0624  1076 37 0.0624  1076 38 0.0546  1076 39 0.0546  1076 40 0.0624  1076 41 0.0624  1076 42 0.0546  1076 43 0.0468  1076 44 0.039  1076 45 0.0312  1076 46 0.0312  1076 47 0.0312  1076 48 0.0312  1076 49 0.0312  1076 50 0.0312  1076 51 0.0234  1076 52 0.0078  1076 53 0  1076 54 0.0078  1076 55 0.0156  1076 56 0.0312  1076 57 0.0468  1076 58 0.0468  1076 59 0.0546  1076 60 0.0546  1076 61 0.0546  1076 62 0.0546  1076 63 0.0624  1076 64 0.078  1076 65 0.078  1076 66 0.0858  1076 67 0.0858  1076 68 0.0858  1076 69 0.0858  1076 70 0.0858  1076 71 0.0858  1076 72 0.0858  1076 73 0.0858  1076 74 0.0858  1076 75 0.078  1076 76 0.0702  1076 77 0.0624  1076 78 0.0624  1076 79 0.0624  1076 80 0.0624  1076 81 0.0546  1076 82 0.0468  1076 83 0.039  1076 84 0.0312  1076 85 0.0234  1076 86 0.0234  1076 87 0.0234  1076 88 0.0312  1076 89 0.0468  1076 90 0.0468  1076 91 0.0546  1076 92 0.0624  1076 93 0.0624  1076 94 0.0702  1076 95 0.078  
1936 0 0.1456  1936 1 0.1547  1936 2 0.1547  1936 3 0.1638  1936 4 0.1729  1936 5 0.1911  1936 6 0.2002  1936 7 0.2184  1936 8 0.2457  1936 9 0.2548  1936 10 0.2548  1936 11 0.2366  1936 12 0.2184  1936 13 0.2002  1936 14 0.1911  1936 15 0.1911  1936 16 0.1911  1936 17 0.2002  1936 18 0.2002  1936 19 0.2002  1936 20 0.1911  1936 21 0.1911  1936 22 0.1911  1936 23 0.1911  1936 24 0.1911  1936 25 0.1911  1936 26 0.2002  1936 27 0.2002  1936 28 0.2093  1936 29 0.2184  1936 30 0.2275  1936 31 0.2366  1936 32 0.2548  1936 33 0.2548  1936 34 0.2457  1936 35 0.2275  1936 36 0.2002  1936 37 0.1729  1936 38 0.1456  1936 39 0.1274  1936 40 0.1183  1936 41 0.1001  1936 42 0.0728  1936 43 0.0455  1936 44 0.0091  1936 45 0  1936 46 0.0091  1936 47 0.0273  1936 48 0.0728  1936 49 0.1092  1936 50 0.1183  1936 51 0.1274  1936 52 0.1183  1936 53 0.1092  1936 54 0.1092  1936 55 0.1092  1936 56 0.1092  1936 57 0.1001  1936 58 0.1001  1936 59 0.1001  1936 60 0.091  1936 61 0.1001  1936 62 0.1092  1936 63 0.1365  1936 64 0.182  1936 65 0.2002  1936 66 0.2002  1936 67 0.1911  1936 68 0.1547  1936 69 0.1274  1936 70 0.1183  1936 71 0.1183  1936 72 0.1365  1936 73 0.1365  1936 74 0.1365  1936 75 0.1274  1936 76 0.1092  1936 77 0.1092  1936 78 0.1092  1936 79 0.1183  1936 80 0.1365  1936 81 0.1547  1936 82 0.1638  1936 83 0.1729  1936 84 0.1729  1936 85 0.1729  1936 86 0.1729  1936 87 0.182  1936 88 0.1911  1936 89 0.1911  1936 90 0.1911  1936 91 0.182  1936 92 0.1729  1936 93 0.1638  1936 94 0.1638  1936 95 0.1547  
136 0 0.0828  136 1 0.0782  136 2 0.0782  136 3 0.0736  136 4 0.069  136 5 0.0644  136 6 0.0644  136 7 0.069  136 8 0.0782  136 9 0.0782  136 10 0.0782  136 11 0.0736  136 12 0.0644  136 13 0.0598  136 14 0.0598  136 15 0.0644  136 16 0.0736  136 17 0.0782  136 18 0.0828  136 19 0.0782  136 20 0.0736  136 21 0.069  136 22 0.0644  136 23 0.0644  136 24 0.069  136 25 0.0644  136 26 0.0598  136 27 0.0506  136 28 0.0322  136 29 0.023  136 30 0.0184  136 31 0.023  136 32 0.0322  136 33 0.0322  136 34 0.0322  136 35 0.023  136 36 0.0046  136 37 0  136 38 0  136 39 0.0092  136 40 0.0276  136 41 0.0414  136 42 0.046  136 43 0.046  136 44 0.0414  136 45 0.0368  136 46 0.0368  136 47 0.0414  136 48 0.0506  136 49 0.0552  136 50 0.0552  136 51 0.0506  136 52 0.0414  136 53 0.0414  136 54 0.046  136 55 0.0552  136 56 0.0736  136 57 0.0828  136 58 0.092  136 59 0.0966  136 60 0.092  136 61 0.092  136 62 0.092  136 63 0.092  136 64 0.092  136 65 0.0874  136 66 0.0874  136 67 0.0874  136 68 0.0874  136 69 0.0828  136 70 0.0828  136 71 0.0828  136 72 0.0782  136 73 0.0782  136 74 0.0736  136 75 0.069  136 76 0.0644  136 77 0.0598  136 78 0.0598  136 79 0.0552  136 80 0.0506  136 81 0.046  136 82 0.0414  136 83 0.0368  136 84 0.0276  136 85 0.0276  136 86 0.0322  136 87 0.046  136 88 0.069  136 89 0.0828  136 90 0.0874  136 91 0.0874  136 92 0.0828  136 93 0.0782  136 94 0.0782  136 95 0.0782  
1372 0 0.0612  1372 1 0.0561  1372 2 0.0561  1372 3 0.0561  1372 4 0.051  1372 5 0.0459  1372 6 0.0459  1372 7 0.0408  1372 8 0.0408  1372 9 0.0408  1372 10 0.0357  1372 11 0.0306  1372 12 0.0255  1372 13 0.0255  1372 14 0.0255  1372 15 0.0357  1372 16 0.0408  1372 17 0.0459  1372 18 0.0459  1372 19 0.0408  1372 20 0.0255  1372 21 0.0204  1372 22 0.0204  1372 23 0.0204  1372 24 0.0306  1372 25 0.0357  1372 26 0.0408  1372 27 0.0459  1372 28 0.051  1372 29 0.0561  1372 30 0.0612  1372 31 0.0663  1372 32 0.0714  1372 33 0.0765  1372 34 0.0714  1372 35 0.0663  1372 36 0.0612  1372 37 0.051  1372 38 0.0459  1372 39 0.0408  1372 40 0.0408  1372 41 0.0357  1372 42 0.0306  1372 43 0.0306  1372 44 0.0255  1372 45 0.0255  1372 46 0.0306  1372 47 0.0357  1372 48 0.0459  1372 49 0.0561  1372 50 0.0612  1372 51 0.0612  1372 52 0.0612  1372 53 0.0612  1372 54 0.0663  1372 55 0.0663  1372 56 0.0714  1372 57 0.0714  1372 58 0.0714  1372 59 0.0714  1372 60 0.0612  1372 61 0.0612  1372 62 0.0561  1372 63 0.051  1372 64 0.0459  1372 65 0.0408  1372 66 0.0357  1372 67 0.0306  1372 68 0.0255  1372 69 0.0153  1372 70 0.0153  1372 71 0.0102  1372 72 0.0102  1372 73 0.0102  1372 74 0.0153  1372 75 0.0204  1372 76 0.0204  1372 77 0.0306  1372 78 0.0357  1372 79 0.0459  1372 80 0.0561  1372 81 0.0612  1372 82 0.0612  1372 83 0.0561  1372 84 0.0459  1372 85 0.0357  1372 86 0.0306  1372 87 0.0204  1372 88 0.0153  1372 89 0.0102  1372 90 0.0051  1372 91 0  1372 92 0  1372 93 0.0051  1372 94 0.0102  1372 95 0.0204  
1697 0 0.0156  1697 1 0.0156  1697 2 0.0156  1697 3 0.0195  1697 4 0.0195  1697 5 0.0195  1697 6 0.0195  1697 7 0.0156  1697 8 0.0078  1697 9 0.0039  1697 10 0.0039  1697 11 0.0039  1697 12 0.0117  1697 13 0.0156  1697 14 0.0195  1697 15 0.0195  1697 16 0.0195  1697 17 0.0195  1697 18 0.0195  1697 19 0.0195  1697 20 0.0195  1697 21 0.0195  1697 22 0.0156  1697 23 0.0156  1697 24 0.0117  1697 25 0.0117  1697 26 0.0117  1697 27 0.0195  1697 28 0.0273  1697 29 0.0351  1697 30 0.039  1697 31 0.039  1697 32 0.039  1697 33 0.039  1697 34 0.039  1697 35 0.039  1697 36 0.0351  1697 37 0.0312  1697 38 0.0273  1697 39 0.0195  1697 40 0.0117  1697 41 0.0078  1697 42 0.0117  1697 43 0.0195  1697 44 0.0312  1697 45 0.039  1697 46 0.0429  1697 47 0.0429  1697 48 0.0429  1697 49 0.039  1697 50 0.039  1697 51 0.039  1697 52 0.0429  1697 53 0.0429  1697 54 0.039  1697 55 0.0351  1697 56 0.0273  1697 57 0.0234  1697 58 0.0234  1697 59 0.0234  1697 60 0.0234  1697 61 0.0234  1697 62 0.0234  1697 63 0.0156  1697 64 0.0078  1697 65 0.0039  1697 66 0  1697 67 0  1697 68 0.0078  1697 69 0.0078  1697 70 0.0117  1697 71 0.0117  1697 72 0.0078  1697 73 0.0078  1697 74 0.0117  1697 75 0.0156  1697 76 0.0234  1697 77 0.0234  1697 78 0.0234  1697 79 0.0234  1697 80 0.0156  1697 81 0.0156  1697 82 0.0156  1697 83 0.0195  1697 84 0.0234  1697 85 0.0312  1697 86 0.0351  1697 87 0.039  1697 88 0.039  1697 89 0.0429  1697 90 0.0468  1697 91 0.0546  1697 92 0.0624  1697 93 0.0663  1697 94 0.0624  1697 95 0.0546  
1427 0 0.1462  1427 1 0.1462  1427 2 0.1462  1427 3 0.1376  1427 4 0.129  1427 5 0.129  1427 6 0.1376  1427 7 0.1548  1427 8 0.172  1427 9 0.1806  1427 10 0.1892  1427 11 0.1806  1427 12 0.1634  1427 13 0.1462  1427 14 0.1376  1427 15 0.1376  1427 16 0.1376  1427 17 0.1376  1427 18 0.1376  1427 19 0.1376  1427 20 0.1376  1427 21 0.1376  1427 22 0.1462  1427 23 0.1462  1427 24 0.1634  1427 25 0.1634  1427 26 0.1548  1427 27 0.1376  1427 28 0.1118  1427 29 0.0946  1427 30 0.086  1427 31 0.0774  1427 32 0.0774  1427 33 0.0774  1427 34 0.086  1427 35 0.086  1427 36 0.0946  1427 37 0.1032  1427 38 0.1118  1427 39 0.129  1427 40 0.1548  1427 41 0.1634  1427 42 0.1634  1427 43 0.1376  1427 44 0.1032  1427 45 0.0774  1427 46 0.0688  1427 47 0.0602  1427 48 0.0688  1427 49 0.0774  1427 50 0.0774  1427 51 0.0774  1427 52 0.0688  1427 53 0.0688  1427 54 0.0774  1427 55 0.086  1427 56 0.1118  1427 57 0.1204  1427 58 0.129  1427 59 0.129  1427 60 0.1204  1427 61 0.1204  1427 62 0.129  1427 63 0.1462  1427 64 0.172  1427 65 0.1892  1427 66 0.1892  1427 67 0.1892  1427 68 0.172  1427 69 0.1634  1427 70 0.1634  1427 71 0.1634  1427 72 0.1634  1427 73 0.1634  1427 74 0.1634  1427 75 0.1462  1427 76 0.129  1427 77 0.1204  1427 78 0.1204  1427 79 0.129  1427 80 0.1462  1427 81 0.1548  1427 82 0.1462  1427 83 0.1376  1427 84 0.1204  1427 85 0.1032  1427 86 0.0946  1427 87 0.086  1427 88 0.0774  1427 89 0.0688  1427 90 0.0516  1427 91 0.0344  1427 92 0.0086  1427 93 0  1427 94 0.0086  1427 95 0.0344  
98 0 0.0516  98 1 0.0504  98 2 0.048  98 3 0.0468  98 4 0.042  98 5 0.0384  98 6 0.036  98 7 0.0336  98 8 0.0324  98 9 0.03  98 10 0.0288  98 11 0.0264  98 12 0.0252  98 13 0.0228  98 14 0.0228  98 15 0.0216  98 16 0.0216  98 17 0.0204  98 18 0.0168  98 19 0.0108  98 20 0.0036  98 21 0  98 22 0  98 23 0.0024  98 24 0.0084  98 25 0.012  98 26 0.0132  98 27 0.0108  98 28 0.0072  98 29 0.0048  98 30 0.0036  98 31 0.0048  98 32 0.0084  98 33 0.0108  98 34 0.0132  98 35 0.0156  98 36 0.0168  98 37 0.018  98 38 0.0216  98 39 0.024  98 40 0.0288  98 41 0.0324  98 42 0.0348  98 43 0.036  98 44 0.036  98 45 0.0372  98 46 0.0384  98 47 0.042  98 48 0.0456  98 49 0.0468  98 50 0.0456  98 51 0.0408  98 52 0.0324  98 53 0.0276  98 54 0.024  98 55 0.024  98 56 0.0264  98 57 0.0264  98 58 0.0252  98 59 0.024  98 60 0.0204  98 61 0.018  98 62 0.018  98 63 0.0192  98 64 0.0228  98 65 0.024  98 66 0.0252  98 67 0.0264  98 68 0.0252  98 69 0.0276  98 70 0.0312  98 71 0.0384  98 72 0.048  98 73 0.0552  98 74 0.0588  98 75 0.06  98 76 0.0576  98 77 0.0564  98 78 0.0564  98 79 0.0564  98 80 0.0576  98 81 0.0588  98 82 0.0588  98 83 0.0576  98 84 0.0564  98 85 0.0552  98 86 0.054  98 87 0.0516  98 88 0.0504  98 89 0.0492  98 90 0.0468  98 91 0.0444  98 92 0.042  98 93 0.0408  98 94 0.0408  98 95 0.0432  
672 0 0.1254  672 1 0.132  672 2 0.132  672 3 0.132  672 4 0.1386  672 5 0.1386  672 6 0.132  672 7 0.1122  672 8 0.0924  672 9 0.0792  672 10 0.0858  672 11 0.0924  672 12 0.1188  672 13 0.132  672 14 0.1386  672 15 0.132  672 16 0.1254  672 17 0.1122  672 18 0.099  672 19 0.0858  672 20 0.0726  672 21 0.0594  672 22 0.0396  672 23 0.0264  672 24 0.0132  672 25 0.0066  672 26 0  672 27 0  672 28 0.0066  672 29 0.0132  672 30 0.0198  672 31 0.0198  672 32 0.0264  672 33 0.033  672 34 0.0462  672 35 0.066  672 36 0.0924  672 37 0.1056  672 38 0.1122  672 39 0.1122  672 40 0.099  672 41 0.0924  672 42 0.0924  672 43 0.0924  672 44 0.099  672 45 0.099  672 46 0.0858  672 47 0.0726  672 48 0.0462  672 49 0.033  672 50 0.0264  672 51 0.033  672 52 0.0462  672 53 0.0594  672 54 0.0726  672 55 0.0858  672 56 0.099  672 57 0.1188  672 58 0.132  672 59 0.1518  672 60 0.1716  672 61 0.1782  672 62 0.1716  672 63 0.1518  672 64 0.1188  672 65 0.099  672 66 0.0858  672 67 0.0726  672 68 0.0726  672 69 0.066  672 70 0.0594  672 71 0.0528  672 72 0.0396  672 73 0.0264  672 74 0.0264  672 75 0.0198  672 76 0.0264  672 77 0.0264  672 78 0.0198  672 79 0.0198  672 80 0.0132  672 81 0.0198  672 82 0.033  672 83 0.0594  672 84 0.099  672 85 0.1188  672 86 0.132  672 87 0.1386  672 88 0.132  672 89 0.132  672 90 0.1452  672 91 0.1716  672 92 0.2046  672 93 0.2244  672 94 0.2244  672 95 0.2046  
1717 0 0.0024  1717 1 0.0024  1717 2 0.0023  1717 3 0.0023  1717 4 0.0022  1717 5 0.0022  1717 6 0.0023  1717 7 0.0025  1717 8 0.0028  1717 9 0.003  1717 10 0.003  1717 11 0.0029  1717 12 0.0026  1717 13 0.0024  1717 14 0.0023  1717 15 0.0023  1717 16 0.0023  1717 17 0.0023  1717 18 0.0023  1717 19 0.0023  1717 20 0.0022  1717 21 0.0023  1717 22 0.0023  1717 23 0.0024  1717 24 0.0026  1717 25 0.0026  1717 26 0.0025  1717 27 0.0022  1717 28 0.0019  1717 29 0.0015  1717 30 0.0014  1717 31 0.0013  1717 32 0.0013  1717 33 0.0013  1717 34 0.0014  1717 35 0.0014  1717 36 0.0015  1717 37 0.0016  1717 38 0.0019  1717 39 0.0022  1717 40 0.0025  1717 41 0.0027  1717 42 0.0026  1717 43 0.0023  1717 44 0.0017  1717 45 0.0013  1717 46 0.0011  1717 47 0.001  1717 48 0.0012  1717 49 0.0012  1717 50 0.0013  1717 51 0.0012  1717 52 0.0011  1717 53 0.0011  1717 54 0.0012  1717 55 0.0014  1717 56 0.0018  1717 57 0.002  1717 58 0.0021  1717 59 0.0021  1717 60 0.002  1717 61 0.002  1717 62 0.0021  1717 63 0.0024  1717 64 0.0028  1717 65 0.003  1717 66 0.0031  1717 67 0.0031  1717 68 0.0029  1717 69 0.0027  1717 70 0.0026  1717 71 0.0026  1717 72 0.0027  1717 73 0.0027  1717 74 0.0026  1717 75 0.0024  1717 76 0.0021  1717 77 0.002  1717 78 0.0019  1717 79 0.0021  1717 80 0.0024  1717 81 0.0025  1717 82 0.0024  1717 83 0.0023  1717 84 0.0019  1717 85 0.0017  1717 86 0.0015  1717 87 0.0014  1717 88 0.0013  1717 89 0.0011  1717 90 0.0009  1717 91 0.0005  1717 92 0.0001  1717 93 0  1717 94 0.0002  1717 95 0.0006  
264 0 0.015  264 1 0.0156  264 2 0.0156  264 3 0.0162  264 4 0.0174  264 5 0.0168  264 6 0.0156  264 7 0.0126  264 8 0.009  264 9 0.0078  264 10 0.0078  264 11 0.0102  264 12 0.0138  264 13 0.0174  264 14 0.0192  264 15 0.0192  264 16 0.0186  264 17 0.018  264 18 0.0168  264 19 0.0156  264 20 0.0138  264 21 0.012  264 22 0.0096  264 23 0.0072  264 24 0.0042  264 25 0.0018  264 26 0.0012  264 27 0.0018  264 28 0.003  264 29 0.0042  264 30 0.0042  264 31 0.003  264 32 0.0012  264 33 0.0006  264 34 0  264 35 0.0006  264 36 0.0024  264 37 0.003  264 38 0.0042  264 39 0.0042  264 40 0.0036  264 41 0.003  264 42 0.0036  264 43 0.0042  264 44 0.0048  264 45 0.006  264 46 0.0066  264 47 0.0078  264 48 0.0084  264 49 0.0102  264 50 0.0132  264 51 0.018  264 52 0.024  264 53 0.0282  264 54 0.0288  264 55 0.0276  264 56 0.024  264 57 0.021  264 58 0.0192  264 59 0.0186  264 60 0.0186  264 61 0.018  264 62 0.0162  264 63 0.0138  264 64 0.0102  264 65 0.009  264 66 0.0102  264 67 0.0138  264 68 0.0192  264 69 0.0234  264 70 0.0252  264 71 0.0258  264 72 0.024  264 73 0.0228  264 74 0.0216  264 75 0.0204  264 76 0.0192  264 77 0.018  264 78 0.0168  264 79 0.0156  264 80 0.0144  264 81 0.0156  264 82 0.018  264 83 0.0234  264 84 0.0306  264 85 0.0348  264 86 0.036  264 87 0.0336  264 88 0.0288  264 89 0.0252  264 90 0.0234  264 91 0.0234  264 92 0.0246  264 93 0.0246  264 94 0.0234  264 95 0.0216  
590 0 0.0861  590 1 0.0902  590 2 0.0943  590 3 0.0943  590 4 0.0984  590 5 0.0943  590 6 0.0861  590 7 0.0656  590 8 0.041  590 9 0.0205  590 10 0.0082  590 11 0.0082  590 12 0.0123  590 13 0.0164  590 14 0.0164  590 15 0.0205  590 16 0.0205  590 17 0.0205  590 18 0.0246  590 19 0.0246  590 20 0.0246  590 21 0.0246  590 22 0.0205  590 23 0.0205  590 24 0.0164  590 25 0.0164  590 26 0.0164  590 27 0.0246  590 28 0.0328  590 29 0.0369  590 30 0.041  590 31 0.0369  590 32 0.0287  590 33 0.0287  590 34 0.0328  590 35 0.0369  590 36 0.0492  590 37 0.0574  590 38 0.0615  590 39 0.0615  590 40 0.0574  590 41 0.0615  590 42 0.0697  590 43 0.082  590 44 0.0984  590 45 0.1066  590 46 0.1066  590 47 0.0943  590 48 0.0738  590 49 0.0574  590 50 0.0533  590 51 0.0533  590 52 0.0615  590 53 0.0656  590 54 0.0615  590 55 0.0533  590 56 0.041  590 57 0.0328  590 58 0.0287  590 59 0.0328  590 60 0.041  590 61 0.041  590 62 0.041  590 63 0.0328  590 64 0.0205  590 65 0.0164  590 66 0.0164  590 67 0.0164  590 68 0.0205  590 69 0.0246  590 70 0.0205  590 71 0.0164  590 72 0.0041  590 73 0  590 74 0  590 75 0.0082  590 76 0.0205  590 77 0.0287  590 78 0.0328  590 79 0.0328  590 80 0.0287  590 81 0.0246  590 82 0.0205  590 83 0.0205  590 84 0.0205  590 85 0.0246  590 86 0.0246  590 87 0.0246  590 88 0.0287  590 89 0.0369  590 90 0.0492  590 91 0.0738  590 92 0.1066  590 93 0.123  590 94 0.1312  590 95 0.1271  
1525 0 0.0096  1525 1 0.0384  1525 2 0.0576  1525 3 0.0864  1525 4 0.1344  1525 5 0.1632  1525 6 0.1824  1525 7 0.1728  1525 8 0.1536  1525 9 0.1344  1525 10 0.1248  1525 11 0.1056  1525 12 0.096  1525 13 0.0864  1525 14 0.0768  1525 15 0.0672  1525 16 0.048  1525 17 0.048  1525 18 0.0576  1525 19 0.0768  1525 20 0.1056  1525 21 0.1152  1525 22 0.1248  1525 23 0.1152  1525 24 0.0864  1525 25 0.0672  1525 26 0.0672  1525 27 0.0768  1525 28 0.096  1525 29 0.096  1525 30 0.0864  1525 31 0.0672  1525 32 0.0288  1525 33 0.0096  1525 34 0  1525 35 0.0096  1525 36 0.0288  1525 37 0.048  1525 38 0.0672  1525 39 0.0672  1525 40 0.0768  1525 41 0.096  1525 42 0.1248  1525 43 0.1632  1525 44 0.2208  1525 45 0.2496  1525 46 0.2496  1525 47 0.2304  1525 48 0.1824  1525 49 0.1536  1525 50 0.1632  1525 51 0.192  1525 52 0.2496  1525 53 0.288  1525 54 0.2976  1525 55 0.288  1525 56 0.2592  1525 57 0.24  1525 58 0.2304  1525 59 0.24  1525 60 0.2496  1525 61 0.2592  1525 62 0.2496  1525 63 0.2304  1525 64 0.2016  1525 65 0.1824  1525 66 0.1728  1525 67 0.1824  1525 68 0.192  1525 69 0.1824  1525 70 0.1632  1525 71 0.1248  1525 72 0.0768  1525 73 0.048  1525 74 0.0672  1525 75 0.1056  1525 76 0.1824  1525 77 0.2304  1525 78 0.2592  1525 79 0.2592  1525 80 0.24  1525 81 0.2304  1525 82 0.2304  1525 83 0.24  1525 84 0.2592  1525 85 0.2592  1525 86 0.2304  1525 87 0.1824  1525 88 0.1152  1525 89 0.0672  1525 90 0.0384  1525 91 0.0192  1525 92 0.0288  1525 93 0.0384  1525 94 0.0288  1525 95 0.0288  
963 0 0.3255  963 1 0.3162  963 2 0.3069  963 3 0.2976  963 4 0.279  963 5 0.2697  963 6 0.2697  963 7 0.2883  963 8 0.3162  963 9 0.3348  963 10 0.3441  963 11 0.3441  963 12 0.3255  963 13 0.3162  963 14 0.3069  963 15 0.2976  963 16 0.2883  963 17 0.279  963 18 0.2697  963 19 0.2511  963 20 0.2232  963 21 0.2046  963 22 0.186  963 23 0.1674  963 24 0.1581  963 25 0.1302  963 26 0.1023  963 27 0.0651  963 28 0.0186  963 29 0  963 30 0  963 31 0.0279  963 32 0.0744  963 33 0.1116  963 34 0.1302  963 35 0.1395  963 36 0.1395  963 37 0.1488  963 38 0.1767  963 39 0.2325  963 40 0.2883  963 41 0.3348  963 42 0.3627  963 43 0.3627  963 44 0.3348  963 45 0.3255  963 46 0.3162  963 47 0.3162  963 48 0.3255  963 49 0.3255  963 50 0.3255  963 51 0.3069  963 52 0.2883  963 53 0.2604  963 54 0.2511  963 55 0.2325  963 56 0.2325  963 57 0.2232  963 58 0.2139  963 59 0.1953  963 60 0.1767  963 61 0.1767  963 62 0.1953  963 63 0.2232  963 64 0.279  963 65 0.3162  963 66 0.3441  963 67 0.3534  963 68 0.3534  963 69 0.3627  963 70 0.3627  963 71 0.3627  963 72 0.372  963 73 0.372  963 74 0.3534  963 75 0.3255  963 76 0.2883  963 77 0.2604  963 78 0.2418  963 79 0.2325  963 80 0.2325  963 81 0.2232  963 82 0.2232  963 83 0.2139  963 84 0.1953  963 85 0.1953  963 86 0.2139  963 87 0.2418  963 88 0.2883  963 89 0.3162  963 90 0.3255  963 91 0.3255  963 92 0.3069  963 93 0.3069  963 94 0.2976  963 95 0.3069  
322 0 0.0357  322 1 0.0408  322 2 0.051  322 3 0.0561  322 4 0.0714  322 5 0.0816  322 6 0.0816  322 7 0.0714  322 8 0.051  322 9 0.0459  322 10 0.051  322 11 0.0612  322 12 0.0867  322 13 0.102  322 14 0.0969  322 15 0.0867  322 16 0.0612  322 17 0.0459  322 18 0.0408  322 19 0.0459  322 20 0.0612  322 21 0.0714  322 22 0.0765  322 23 0.0765  322 24 0.0714  322 25 0.0765  322 26 0.0969  322 27 0.1275  322 28 0.1683  322 29 0.1989  322 30 0.2091  322 31 0.1989  322 32 0.1734  322 33 0.1683  322 34 0.1734  322 35 0.1989  322 36 0.2397  322 37 0.255  322 38 0.2499  322 39 0.2244  322 40 0.1785  322 41 0.1479  322 42 0.1326  322 43 0.1326  322 44 0.1479  322 45 0.1581  322 46 0.153  322 47 0.1428  322 48 0.1224  322 49 0.1122  322 50 0.1122  322 51 0.1224  322 52 0.1428  322 53 0.1479  322 54 0.1377  322 55 0.1071  322 56 0.0612  322 57 0.0306  322 58 0.0102  322 59 0  322 60 0.0051  322 61 0.0102  322 62 0.0153  322 63 0.0153  322 64 0.0153  322 65 0.0153  322 66 0.0204  322 67 0.0204  322 68 0.0255  322 69 0.0306  322 70 0.0357  322 71 0.0408  322 72 0.0459  322 73 0.051  322 74 0.0561  322 75 0.0663  322 76 0.0816  322 77 0.0918  322 78 0.102  322 79 0.1122  322 80 0.1173  322 81 0.1275  322 82 0.1428  322 83 0.1581  322 84 0.1785  322 85 0.1785  322 86 0.1632  322 87 0.1275  322 88 0.0765  322 89 0.0408  322 90 0.0204  322 91 0.0204  322 92 0.0357  322 93 0.0459  322 94 0.051  322 95 0.051  
235 0 0.0783  235 1 0.087  235 2 0.0957  235 3 0.0957  235 4 0.1131  235 5 0.1131  235 6 0.1044  235 7 0.0783  235 8 0.0348  235 9 0.0174  235 10 0.0174  235 11 0.0261  235 12 0.0609  235 13 0.0783  235 14 0.0957  235 15 0.1044  235 16 0.0957  235 17 0.0957  235 18 0.0957  235 19 0.1044  235 20 0.1044  235 21 0.1044  235 22 0.0957  235 23 0.0783  235 24 0.0609  235 25 0.0609  235 26 0.0696  235 27 0.1044  235 28 0.1479  235 29 0.1827  235 30 0.2001  235 31 0.2175  235 32 0.2175  235 33 0.2088  235 34 0.2001  235 35 0.2001  235 36 0.1914  235 37 0.174  235 38 0.1479  235 39 0.1131  235 40 0.0696  235 41 0.0522  235 42 0.0609  235 43 0.1044  235 44 0.1653  235 45 0.2088  235 46 0.2349  235 47 0.2436  235 48 0.2262  235 49 0.2175  235 50 0.2175  235 51 0.2175  235 52 0.2349  235 53 0.2262  235 54 0.2175  235 55 0.1914  235 56 0.1566  235 57 0.1305  235 58 0.1218  235 59 0.1218  235 60 0.1305  235 61 0.1305  235 62 0.1218  235 63 0.087  235 64 0.0435  235 65 0.0087  235 66 0  235 67 0.0087  235 68 0.0348  235 69 0.0522  235 70 0.0609  235 71 0.0609  235 72 0.0435  235 73 0.0522  235 74 0.0609  235 75 0.0783  235 76 0.1218  235 77 0.1305  235 78 0.1392  235 79 0.1218  235 80 0.087  235 81 0.0783  235 82 0.0783  235 83 0.1044  235 84 0.1392  235 85 0.1653  235 86 0.1914  235 87 0.2001  235 88 0.2088  235 89 0.2262  235 90 0.261  235 91 0.2958  235 92 0.3393  235 93 0.3567  235 94 0.3393  235 95 0.2871  

5364 0 0  5364 1 0  5364 2 0  5364 3 0  5364 4 0  5364 5 0  5364 6 0  5364 7 0  5364 8 0  5364 9 0  5364 10 0  5364 11 0  5364 12 0  5364 13 0  5364 14 0  5364 15 0  5364 16 0  5364 17 0  5364 18 0  5364 19 0  5364 20 0  5364 21 0  5364 22 0  5364 23 0  5364 24 0  5364 25 0  5364 26 0  5364 27 0  5364 28 0  5364 29 0  5364 30 0  5364 31 0  5364 32 0  5364 33 0  5364 34 0  5364 35 0  5364 36 0  5364 37 0  5364 38 0  5364 39 0  5364 40 0  5364 41 0  5364 42 0  5364 43 0  5364 44 0  5364 45 0  5364 46 0  5364 47 0  5364 48 0  5364 49 0  5364 50 0  5364 51 0  5364 52 0  5364 53 0  5364 54 0  5364 55 0  5364 56 0  5364 57 0  5364 58 0  5364 59 0  5364 60 0  5364 61 0  5364 62 0  5364 63 0  5364 64 0  5364 65 0  5364 66 0  5364 67 0  5364 68 0  5364 69 0  5364 70 0  5364 71 0  5364 72 0  5364 73 0  5364 74 0  5364 75 0  5364 76 0  5364 77 0  5364 78 0  5364 79 0  5364 80 0  5364 81 0  5364 82 0  5364 83 0  5364 84 0  5364 85 0  5364 86 0  5364 87 0  5364 88 0  5364 89 0  5364 90 0  5364 91 0  5364 92 0  5364 93 0  5364 94 0  5364 95 0  
;

param t := 
364 340 0.115775  
364 1775 0.29554  
364 36 0.220662  
364 2195 0.537249  
364 1547 0.223586  
364 301 0.251004  
364 1656 0.391042  
364 120 0.185802  
364 1321 0.335255  
364 1076 0.268671  
364 1936 0.561611  
364 136 0.111778  
364 1372 0.374758  
364 1697 0.254599  
364 1427 0.345461  
364 98 0.135203  
364 672 0.137603  
364 1717 0.144251  
364 264 0.164118  
364 590 0.202819  
364 1525 0.432842  
364 963 0.186798  
364 322 0.0214941  
364 235 0.372795  
340 5364 0.114868  
340 1775 0.326787  
340 36 0.247675  
340 2195 0.625151  
340 1547 0.252955  
340 301 0.167436  
340 1656 0.392789  
340 120 0.261576  
340 1321 0.261477  
340 1076 0.300293  
340 1936 0.64857  
340 136 0.13879  
340 1372 0.31552  
340 1697 0.281381  
340 1427 0.377346  
340 98 0.162215  
340 672 0.172238  
340 1717 0.219003  
340 264 0.108624  
340 590 0.232729  
340 1525 0.464728  
340 963 0.216707  
340 322 0.0804002  
340 235 0.452606  
1775 5364 0.361167  
1775 340 0.410872  
1775 36 0.535134  
1775 2195 0.546211  
1775 1547 0.125595  
1775 301 0.456163  
1775 1656 0.151104  
1775 120 0.390357  
1775 1321 0.268866  
1775 1076 0.0754209  
1775 1936 0.559625  
1775 136 0.392654  
1775 1372 0.138146  
1775 1697 0.584532  
1775 1427 0.113797  
1775 98 0.468912  
1775 672 0.221298  
1775 1717 0.390674  
1775 264 0.461378  
1775 590 0.174212  
1775 1525 0.198551  
1775 963 0.160462  
1775 322 0.357688  
1775 235 0.380685  
36 5364 0.210838  
36 340 0.239111  
36 1775 0.463256  
36 2195 0.681338  
36 1547 0.388253  
36 301 0.370002  
36 1656 0.558855  
36 120 0.144024  
36 1321 0.504527  
36 1076 0.435592  
36 1936 0.707858  
36 136 0.157438  
36 1372 0.542892  
36 1697 0.0781947  
36 1427 0.513617  
36 98 0.0849155  
36 672 0.329767  
36 1717 0.167385  
36 264 0.284905  
36 590 0.349533  
36 1525 0.599314  
36 963 0.374994  
36 322 0.181307  
36 235 0.381485  
2195 5364 0.583089  
2195 340 0.673316  
2195 1775 0.556874  
2195 36 0.754346  
2195 1547 0.522847  
2195 301 0.840604  
2195 1656 0.618654  
2195 120 0.613428  
2195 1321 0.798406  
2195 1076 0.537436  
2195 1936 0.219214  
2195 136 0.62234  
2195 1372 0.667679  
2195 1697 0.831786  
2195 1427 0.573416  
2195 98 0.710184  
2195 672 0.538059  
2195 1717 0.605026  
2195 264 0.717813  
2195 590 0.465023  
2195 1525 0.659114  
2195 963 0.542191  
2195 322 0.583288  
2195 235 0.458237  
1547 5364 0.273664  
1547 340 0.312347  
1547 1775 0.0765324  
1547 36 0.446295  
1547 2195 0.460222  
1547 301 0.411416  
1547 1656 0.17585  
1547 120 0.311445  
1547 1321 0.287726  
1547 1076 0.0451141  
1547 1936 0.467006  
1547 136 0.306309  
1547 1372 0.186316  
1547 1697 0.498154  
1547 1427 0.131921  
1547 98 0.382567  
1547 672 0.133233  
1547 1717 0.311762  
1547 264 0.371501  
1547 590 0.0860141  
1547 1525 0.216675  
1547 963 0.0723966  
1547 322 0.269897  
1547 235 0.277012  
301 5364 0.239192  
301 340 0.164729  
301 1775 0.460363  
301 36 0.360106  
301 2195 0.774675  
301 1547 0.401843  
301 1656 0.437206  
301 120 0.38739  
301 1321 0.323329  
301 1076 0.416386  
301 1936 0.795599  
301 136 0.266111  
301 1372 0.359937  
301 1697 0.387854  
301 1427 0.446248  
301 98 0.272268  
301 672 0.320068  
301 1717 0.343907  
301 264 0.0874947  
301 590 0.377956  
301 1525 0.531587  
301 963 0.363874  
301 322 0.209661  
301 235 0.587112  
1656 5364 0.470847  
1656 340 0.480475  
1656 1775 0.181508  
1656 36 0.638683  
1656 2195 0.5461  
1656 1547 0.253894  
1656 301 0.524672  
1656 120 0.532882  
1656 1321 0.248622  
1656 1076 0.198141  
1656 1936 0.559516  
1656 136 0.502748  
1656 1372 0.0999569  
1656 1697 0.694195  
1656 1427 0.0731779  
1656 98 0.578356  
1656 672 0.318859  
1656 1717 0.532665  
1656 264 0.556853  
1656 590 0.285589  
1656 1525 0.139507  
1656 963 0.273617  
1656 322 0.467367  
1656 235 0.409126  
120 5364 0.191788  
120 340 0.24929  
120 1775 0.325487  
120 36 0.158408  
120 2195 0.542643  
120 1547 0.252019  
120 301 0.373023  
120 1656 0.421628  
120 1321 0.479505  
120 1076 0.299358  
120 1936 0.566678  
120 136 0.132392  
120 1372 0.449012  
120 1697 0.236603  
120 1427 0.376047  
120 98 0.127155  
120 672 0.231874  
120 1717 0.038295  
120 264 0.30055  
120 590 0.229879  
120 1525 0.463429  
120 963 0.261549  
120 322 0.191486  
120 235 0.318699  
1321 5364 0.346346  
1321 340 0.282743  
1321 1775 0.268644  
1321 36 0.499394  
1321 2195 0.704021  
1321 1547 0.273268  
1321 301 0.318862  
1321 1656 0.221687  
1321 120 0.459035  
1321 1076 0.249583  
1321 1936 0.716588  
1321 136 0.409133  
1321 1372 0.149651  
1321 1697 0.524396  
1321 1427 0.234815  
1321 98 0.410749  
1321 672 0.276211  
1321 1717 0.415552  
1321 264 0.366625  
1321 590 0.355899  
1321 1525 0.322031  
1321 963 0.270406  
1321 322 0.36547  
1321 235 0.556949  
1076 5364 0.291352  
1076 340 0.330012  
1076 1775 0.085508  
1076 36 0.473163  
1076 2195 0.540513  
1076 1547 0.0561645  
1076 301 0.396162  
1076 1656 0.208732  
1076 120 0.333499  
1076 1321 0.247494  
1076 1936 0.554013  
1076 136 0.323912  
1076 1372 0.164554  
1076 1697 0.513995  
1076 1427 0.148347  
1076 98 0.400171  
1076 672 0.151867  
1076 1717 0.333816  
1076 264 0.389166  
1076 590 0.140304  
1076 1525 0.233101  
1076 963 0.0910313  
1076 322 0.287872  
1076 235 0.347819  
1936 5364 0.55828  
1936 340 0.648506  
1936 1775 0.535356  
1936 36 0.735916  
1936 2195 0.18157  
1936 1547 0.499091  
1936 301 0.775404  
1936 1656 0.603519  
1936 120 0.590651  
1936 1321 0.781845  
1936 1076 0.51486  
1936 136 0.597521  
1936 1372 0.652543  
1936 1697 0.810152  
1936 1427 0.558281  
1936 98 0.68181  
1936 672 0.516136  
1936 1717 0.593894  
1936 264 0.693004  
1936 590 0.442193  
1936 1525 0.643979  
1936 963 0.519292  
1936 322 0.558479  
1936 235 0.379151  
136 5364 0.112323  
136 340 0.140597  
136 1775 0.33706  
136 36 0.162411  
136 2195 0.580405  
136 1547 0.262057  
136 301 0.276427  
136 1656 0.4332  
136 120 0.139908  
136 1321 0.420936  
136 1076 0.309395  
136 1936 0.602289  
136 1372 0.445439  
136 1697 0.196351  
136 1427 0.387619  
136 98 0.0769514  
136 672 0.176297  
136 1717 0.0983564  
136 264 0.19249  
136 590 0.241513  
136 1525 0.475001  
136 963 0.225492  
136 322 0.0827925  
136 235 0.411214  
1372 5364 0.407395  
1372 340 0.4039  
1372 1775 0.147451  
1372 36 0.573717  
1372 2195 0.579016  
1372 1547 0.187316  
1372 301 0.449192  
1372 1656 0.0827495  
1372 120 0.467588  
1372 1321 0.172244  
1372 1076 0.144959  
1372 1936 0.591935  
1372 136 0.438882  
1372 1697 0.630911  
1372 1427 0.114916  
1372 98 0.515072  
1372 672 0.258891  
1372 1717 0.445301  
1372 264 0.484839  
1372 590 0.270012  
1372 1525 0.199671  
1372 963 0.212438  
1372 322 0.403916  
1372 235 0.439316  
1697 5364 0.240518  
1697 340 0.270298  
1697 1775 0.530433  
1697 36 0.0808137  
1697 2195 0.762899  
1697 1547 0.455016  
1697 301 0.389403  
1697 1656 0.623767  
1697 120 0.224838  
1697 1321 0.536454  
1697 1076 0.500709  
1697 1936 0.783362  
1697 136 0.187118  
1697 1372 0.57486  
1697 1427 0.578529  
1697 98 0.116175  
1697 672 0.368727  
1697 1717 0.233814  
1697 264 0.304306  
1697 590 0.428764  
1697 1525 0.664227  
1697 963 0.413954  
1697 322 0.210987  
1697 235 0.461994  
1427 5364 0.457343  
1427 340 0.52656  
1427 1775 0.153439  
1427 36 0.624895  
1427 2195 0.489584  
1427 1547 0.232582  
1427 301 0.567846  
1427 1656 0.0643758  
1427 120 0.490283  
1427 1321 0.283466  
1427 1076 0.196274  
1427 1936 0.496368  
1427 136 0.48883  
1427 1372 0.141229  
1427 1697 0.682859  
1427 98 0.56702  
1427 672 0.325515  
1427 1717 0.4906  
1427 264 0.564865  
1427 590 0.268398  
1427 1525 0.105201  
1427 963 0.264276  
1427 322 0.453864  
1427 235 0.355632  
98 5364 0.1352  
98 340 0.163473  
98 1775 0.422486  
98 36 0.0787088  
98 2195 0.669166  
98 1547 0.347484  
98 301 0.283822  
98 1656 0.516986  
98 120 0.13192  
98 1321 0.440702  
98 1076 0.393063  
98 1936 0.698271  
98 136 0.0818003  
98 1372 0.480607  
98 1697 0.131895  
98 1427 0.473046  
98 672 0.259058  
98 1717 0.117639  
98 264 0.199843  
98 590 0.323091  
98 1525 0.55756  
98 963 0.306421  
98 322 0.105669  
98 235 0.368775  
672 5364 0.188612  
672 340 0.224807  
672 1775 0.172619  
672 36 0.369522  
672 2195 0.49433  
672 1547 0.102851  
672 301 0.340148  
672 1656 0.272973  
672 120 0.281496  
672 1321 0.28006  
672 1076 0.147965  
672 1936 0.501298  
672 136 0.230768  
672 1372 0.271373  
672 1697 0.420254  
672 1427 0.228007  
672 98 0.304668  
672 1717 0.238374  
672 264 0.285429  
672 590 0.106603  
672 1525 0.315082  
672 963 0.0607607  
672 322 0.196845  
672 235 0.320806  
1717 5364 0.153493  
1717 340 0.210995  
1717 1775 0.334636  
1717 36 0.170489  
1717 2195 0.555852  
1717 1547 0.259733  
1717 301 0.337133  
1717 1656 0.430777  
1717 120 0.0415512  
1717 1321 0.439617  
1717 1076 0.307071  
1717 1936 0.579622  
1717 136 0.0940968  
1717 1372 0.456726  
1717 1697 0.240177  
1717 1427 0.385196  
1717 98 0.126047  
1717 672 0.193579  
1717 264 0.262942  
1717 590 0.241388  
1717 1525 0.472578  
1717 963 0.242774  
1717 322 0.153191  
1717 235 0.344394  
264 5364 0.153306  
264 340 0.0979823  
264 1775 0.403719  
264 36 0.267477  
264 2195 0.685244  
264 1547 0.328716  
264 301 0.0870086  
264 1656 0.47671  
264 120 0.305998  
264 1321 0.359537  
264 1076 0.374295  
264 1936 0.711347  
264 136 0.182166  
264 1372 0.399442  
264 1697 0.302344  
264 1427 0.454279  
264 98 0.185022  
264 672 0.243223  
264 1717 0.262516  
264 590 0.304352  
264 1525 0.53919  
264 963 0.287654  
264 322 0.123775  
264 235 0.509506  
590 5364 0.229666  
590 340 0.276337  
590 1775 0.117709  
590 36 0.396674  
590 2195 0.421029  
590 1547 0.0867317  
590 301 0.408229  
590 1656 0.217026  
590 120 0.263828  
590 1321 0.348189  
590 1076 0.0990709  
590 1936 0.427813  
590 136 0.26522  
590 1372 0.240273  
590 1697 0.457064  
590 1427 0.173097  
590 98 0.341478  
590 672 0.128843  
590 1717 0.265449  
590 264 0.335491  
590 1525 0.258043  
590 963 0.117665  
590 322 0.225637  
590 235 0.229803  
1525 5364 0.536679  
1525 340 0.610718  
1525 1775 0.233521  
1525 36 0.715003  
1525 2195 0.610206  
1525 1547 0.310561  
1525 301 0.656606  
1525 1656 0.135171  
1525 120 0.568309  
1525 1321 0.368274  
1525 1076 0.277257  
1525 1936 0.622773  
1525 136 0.575084  
1525 1372 0.21576  
1525 1697 0.77016  
1525 1427 0.103727  
1525 98 0.650692  
1525 672 0.404406  
1525 1717 0.568092  
1525 264 0.642029  
1525 590 0.339357  
1525 963 0.342833  
1525 322 0.536509  
1525 235 0.468044  
963 5364 0.224348  
963 340 0.25967  
963 1775 0.118525  
963 36 0.400138  
963 2195 0.483672  
963 1547 0.0487571  
963 301 0.37731  
963 1656 0.217842  
963 120 0.286999  
963 1321 0.293164  
963 1076 0.088801  
963 1936 0.490456  
963 136 0.260801  
963 1372 0.231567  
963 1697 0.452646  
963 1427 0.173913  
963 98 0.33706  
963 672 0.0700941  
963 1717 0.268837  
963 264 0.318942  
963 590 0.0969929  
963 1525 0.25888  
963 322 0.230814  
963 235 0.307937  
322 5364 0.0295308  
322 340 0.0907311  
322 1775 0.30741  
322 36 0.199168  
322 2195 0.551663  
322 1547 0.235833  
322 301 0.229633  
322 1656 0.403551  
322 120 0.198048  
322 1321 0.346088  
322 1076 0.282223  
322 1936 0.575269  
322 136 0.0902841  
322 1372 0.385993  
322 1697 0.233108  
322 1427 0.35797  
322 98 0.113709  
322 672 0.149849  
322 1717 0.156497  
322 264 0.142624  
322 590 0.215065  
322 1525 0.445352  
322 963 0.199044  
322 235 0.384852  
235 5364 0.312926  
235 340 0.401182  
235 1775 0.288548  
235 36 0.378389  
235 2195 0.354305  
235 1547 0.256129  
235 301 0.56729  
235 1656 0.356678  
235 120 0.312615  
235 1321 0.529738  
235 1076 0.26863  
235 1936 0.372041  
235 136 0.344413  
235 1372 0.407729  
235 1697 0.458357  
235 1427 0.311097  
235 98 0.353244  
235 672 0.266681  
235 1717 0.348352  
235 264 0.44689  
235 590 0.192177  
235 1525 0.398479  
235 963 0.269066  
235 322 0.309447  
;

