param o := 1591 ;
param s := 6591 ;

set R := 1223 441 1907 1330 994 1825 1090 1800 1410 1018 1866 2053 1127 1382 200 747 506 82 1754 2034 541 1956 2192 176 ;
set M := 0 1 2 3 4 5 6 7 8 9 10 11 12 13 14 15 16 17 18 19 20 21 22 23 24 25 26 27 28 29 30 31 32 33 34 35 36 37 38 39 40 41 42 43 44 45 46 47 48 49 50 51 52 53 54 55 56 57 58 59 60 61 62 63 64 65 66 67 68 69 70 71 72 73 74 75 76 77 78 79 80 81 82 83 84 85 86 87 88 89 90 91 92 93 94 95 ;
param TTI := 
0 0
1 0.25
2 0.5
3 0.75
4 1
5 1.25
6 1.5
7 1.75
8 2
9 2.25
10 2.5
11 2.75
12 3
13 3.25
14 3.5
15 3.75
16 4
17 4.25
18 4.5
19 4.75
20 5
21 5.25
22 5.5
23 5.75
24 6
25 6.25
26 6.5
27 6.75
28 7
29 7.25
30 7.5
31 7.75
32 8
33 8.25
34 8.5
35 8.75
36 9
37 9.25
38 9.5
39 9.75
40 10
41 10.25
42 10.5
43 10.75
44 11
45 11.25
46 11.5
47 11.75
48 12
49 12.25
50 12.5
51 12.75
52 13
53 13.25
54 13.5
55 13.75
56 14
57 14.25
58 14.5
59 14.75
60 15
61 15.25
62 15.5
63 15.75
64 16
65 16.25
66 16.5
67 16.75
68 17
69 17.25
70 17.5
71 17.75
72 18
73 18.25
74 18.5
75 18.75
76 19
77 19.25
78 19.5
79 19.75
80 20
81 20.25
82 20.5
83 20.75
84 21
85 21.25
86 21.5
87 21.75
88 22
89 22.25
90 22.5
91 22.75
92 23
93 23.25
94 23.5
95 23.75
;

param TTF := 
0 0.25
1 0.5
2 0.75
3 1
4 1.25
5 1.5
6 1.75
7 2
8 2.25
9 2.5
10 2.75
11 3
12 3.25
13 3.5
14 3.75
15 4
16 4.25
17 4.5
18 4.75
19 5
20 5.25
21 5.5
22 5.75
23 6
24 6.25
25 6.5
26 6.75
27 7
28 7.25
29 7.5
30 7.75
31 8
32 8.25
33 8.5
34 8.75
35 9
36 9.25
37 9.5
38 9.75
39 10
40 10.25
41 10.5
42 10.75
43 11
44 11.25
45 11.5
46 11.75
47 12
48 12.25
49 12.5
50 12.75
51 13
52 13.25
53 13.5
54 13.75
55 14
56 14.25
57 14.5
58 14.75
59 15
60 15.25
61 15.5
62 15.75
63 16
64 16.25
65 16.5
66 16.75
67 17
68 17.25
69 17.5
70 17.75
71 18
72 18.25
73 18.5
74 18.75
75 19
76 19.25
77 19.5
78 19.75
79 20
80 20.25
81 20.5
82 20.75
83 21
84 21.25
85 21.5
86 21.75
87 22
88 22.25
89 22.5
90 22.75
91 23
92 23.25
93 23.5
94 23.75
95 24
;

param tf := 
1591 0 0.0441  1591 1 0.0441  1591 2 0.049  1591 3 0.0539  1591 4 0.0588  1591 5 0.0588  1591 6 0.0588  1591 7 0.0539  1591 8 0.049  1591 9 0.0441  1591 10 0.0392  1591 11 0.0392  1591 12 0.0392  1591 13 0.0343  1591 14 0.0294  1591 15 0.0245  1591 16 0.0147  1591 17 0.0098  1591 18 0.0098  1591 19 0.0098  1591 20 0.0196  1591 21 0.0245  1591 22 0.0245  1591 23 0.0294  1591 24 0.0245  1591 25 0.0294  1591 26 0.0343  1591 27 0.0441  1591 28 0.0539  1591 29 0.0588  1591 30 0.0637  1591 31 0.0539  1591 32 0.0441  1591 33 0.0392  1591 34 0.0343  1591 35 0.0343  1591 36 0.0343  1591 37 0.0343  1591 38 0.0294  1591 39 0.0196  1591 40 0.0098  1591 41 0.0049  1591 42 0  1591 43 0  1591 44 0.0098  1591 45 0.0147  1591 46 0.0196  1591 47 0.0196  1591 48 0.0196  1591 49 0.0196  1591 50 0.0245  1591 51 0.0245  1591 52 0.0245  1591 53 0.0245  1591 54 0.0245  1591 55 0.0196  1591 56 0.0098  1591 57 0.0049  1591 58 0.0049  1591 59 0.0098  1591 60 0.0147  1591 61 0.0196  1591 62 0.0245  1591 63 0.0294  1591 64 0.0294  1591 65 0.0294  1591 66 0.0294  1591 67 0.0294  1591 68 0.0294  1591 69 0.0245  1591 70 0.0245  1591 71 0.0196  1591 72 0.0147  1591 73 0.0147  1591 74 0.0147  1591 75 0.0245  1591 76 0.0343  1591 77 0.0392  1591 78 0.0441  1591 79 0.0392  1591 80 0.0343  1591 81 0.0294  1591 82 0.0294  1591 83 0.0294  1591 84 0.0294  1591 85 0.0343  1591 86 0.0343  1591 87 0.0343  1591 88 0.0294  1591 89 0.0294  1591 90 0.0343  1591 91 0.0392  1591 92 0.0441  1591 93 0.049  1591 94 0.049  1591 95 0.049  
1223 0 0.1953  1223 1 0.2046  1223 2 0.2139  1223 3 0.2139  1223 4 0.2325  1223 5 0.2511  1223 6 0.2697  1223 7 0.2976  1223 8 0.3255  1223 9 0.3348  1223 10 0.3348  1223 11 0.3162  1223 12 0.2883  1223 13 0.2697  1223 14 0.2511  1223 15 0.2511  1223 16 0.2604  1223 17 0.2604  1223 18 0.2604  1223 19 0.2604  1223 20 0.2604  1223 21 0.2511  1223 22 0.2511  1223 23 0.2511  1223 24 0.2511  1223 25 0.2604  1223 26 0.2604  1223 27 0.2697  1223 28 0.279  1223 29 0.2883  1223 30 0.3069  1223 31 0.3162  1223 32 0.3348  1223 33 0.3441  1223 34 0.3255  1223 35 0.2976  1223 36 0.2604  1223 37 0.2232  1223 38 0.1953  1223 39 0.1767  1223 40 0.1488  1223 41 0.1302  1223 42 0.093  1223 43 0.0651  1223 44 0.0186  1223 45 0  1223 46 0.0093  1223 47 0.0372  1223 48 0.1023  1223 49 0.1395  1223 50 0.1581  1223 51 0.1674  1223 52 0.1581  1223 53 0.1488  1223 54 0.1395  1223 55 0.1395  1223 56 0.1395  1223 57 0.1395  1223 58 0.1302  1223 59 0.1302  1223 60 0.1209  1223 61 0.1302  1223 62 0.1488  1223 63 0.186  1223 64 0.2418  1223 65 0.2604  1223 66 0.2697  1223 67 0.2511  1223 68 0.2046  1223 69 0.1767  1223 70 0.1581  1223 71 0.1674  1223 72 0.1767  1223 73 0.186  1223 74 0.186  1223 75 0.1767  1223 76 0.1488  1223 77 0.1395  1223 78 0.1395  1223 79 0.1581  1223 80 0.186  1223 81 0.2046  1223 82 0.2232  1223 83 0.2232  1223 84 0.2232  1223 85 0.2232  1223 86 0.2325  1223 87 0.2418  1223 88 0.2511  1223 89 0.2511  1223 90 0.2511  1223 91 0.2418  1223 92 0.2325  1223 93 0.2232  1223 94 0.2139  1223 95 0.2046  
441 0 0.1296  441 1 0.1248  441 2 0.12  441 3 0.1152  441 4 0.1056  441 5 0.1008  441 6 0.1008  441 7 0.1104  441 8 0.12  441 9 0.1248  441 10 0.12  441 11 0.1104  441 12 0.096  441 13 0.0912  441 14 0.0912  441 15 0.1008  441 16 0.1152  441 17 0.1248  441 18 0.1248  441 19 0.1248  441 20 0.1104  441 21 0.1056  441 22 0.1056  441 23 0.1056  441 24 0.1056  441 25 0.1056  441 26 0.0912  441 27 0.0768  441 28 0.0528  441 29 0.0336  441 30 0.0288  441 31 0.0336  441 32 0.048  441 33 0.0528  441 34 0.048  441 35 0.0336  441 36 0.0096  441 37 0  441 38 0.0048  441 39 0.0192  441 40 0.0432  441 41 0.0624  441 42 0.072  441 43 0.072  441 44 0.0624  441 45 0.0576  441 46 0.0576  441 47 0.0672  441 48 0.0768  441 49 0.0816  441 50 0.0816  441 51 0.0768  441 52 0.0672  441 53 0.0624  441 54 0.072  441 55 0.0864  441 56 0.1152  441 57 0.1344  441 58 0.144  441 59 0.1488  441 60 0.144  441 61 0.144  441 62 0.1392  441 63 0.1392  441 64 0.1392  441 65 0.1392  441 66 0.1392  441 67 0.1344  441 68 0.1344  441 69 0.1296  441 70 0.1296  441 71 0.1248  441 72 0.1248  441 73 0.12  441 74 0.1152  441 75 0.1104  441 76 0.1008  441 77 0.096  441 78 0.0912  441 79 0.0864  441 80 0.0816  441 81 0.072  441 82 0.0672  441 83 0.0576  441 84 0.0432  441 85 0.0432  441 86 0.0528  441 87 0.072  441 88 0.1056  441 89 0.1248  441 90 0.1344  441 91 0.1344  441 92 0.1296  441 93 0.12  441 94 0.12  441 95 0.12  
1907 0 0.1176  1907 1 0.1128  1907 2 0.108  1907 3 0.1056  1907 4 0.096  1907 5 0.0936  1907 6 0.0936  1907 7 0.0984  1907 8 0.108  1907 9 0.1104  1907 10 0.108  1907 11 0.1008  1907 12 0.0888  1907 13 0.0816  1907 14 0.084  1907 15 0.0888  1907 16 0.1032  1907 17 0.1104  1907 18 0.1152  1907 19 0.1104  1907 20 0.1008  1907 21 0.096  1907 22 0.0936  1907 23 0.0936  1907 24 0.096  1907 25 0.0936  1907 26 0.084  1907 27 0.0696  1907 28 0.0456  1907 29 0.0312  1907 30 0.0264  1907 31 0.0288  1907 32 0.0432  1907 33 0.048  1907 34 0.0432  1907 35 0.0288  1907 36 0.0096  1907 37 0  1907 38 0.0024  1907 39 0.0168  1907 40 0.0408  1907 41 0.0552  1907 42 0.0648  1907 43 0.0648  1907 44 0.0552  1907 45 0.0528  1907 46 0.0528  1907 47 0.06  1907 48 0.0696  1907 49 0.0744  1907 50 0.0744  1907 51 0.0696  1907 52 0.06  1907 53 0.0576  1907 54 0.0624  1907 55 0.0792  1907 56 0.1032  1907 57 0.12  1907 58 0.1296  1907 59 0.1344  1907 60 0.132  1907 61 0.1296  1907 62 0.1272  1907 63 0.1272  1907 64 0.1272  1907 65 0.1272  1907 66 0.1248  1907 67 0.1224  1907 68 0.12  1907 69 0.1176  1907 70 0.1176  1907 71 0.1152  1907 72 0.1104  1907 73 0.108  1907 74 0.1056  1907 75 0.0984  1907 76 0.0936  1907 77 0.0864  1907 78 0.0816  1907 79 0.0768  1907 80 0.072  1907 81 0.0672  1907 82 0.06  1907 83 0.0504  1907 84 0.0408  1907 85 0.0408  1907 86 0.048  1907 87 0.0672  1907 88 0.096  1907 89 0.1152  1907 90 0.1224  1907 91 0.1224  1907 92 0.1152  1907 93 0.1104  1907 94 0.108  1907 95 0.108  
1330 0 0.35  1330 1 0.336  1330 2 0.329  1330 3 0.322  1330 4 0.301  1330 5 0.287  1330 6 0.294  1330 7 0.315  1330 8 0.343  1330 9 0.364  1330 10 0.371  1330 11 0.364  1330 12 0.35  1330 13 0.336  1330 14 0.329  1330 15 0.322  1330 16 0.315  1330 17 0.301  1330 18 0.287  1330 19 0.266  1330 20 0.245  1330 21 0.217  1330 22 0.196  1330 23 0.175  1330 24 0.168  1330 25 0.14  1330 26 0.112  1330 27 0.07  1330 28 0.021  1330 29 0  1330 30 0.007  1330 31 0.028  1330 32 0.084  1330 33 0.119  1330 34 0.14  1330 35 0.147  1330 36 0.147  1330 37 0.161  1330 38 0.196  1330 39 0.245  1330 40 0.315  1330 41 0.364  1330 42 0.385  1330 43 0.385  1330 44 0.364  1330 45 0.35  1330 46 0.343  1330 47 0.343  1330 48 0.357  1330 49 0.357  1330 50 0.35  1330 51 0.329  1330 52 0.308  1330 53 0.28  1330 54 0.266  1330 55 0.252  1330 56 0.252  1330 57 0.238  1330 58 0.224  1330 59 0.21  1330 60 0.189  1330 61 0.182  1330 62 0.203  1330 63 0.245  1330 64 0.301  1330 65 0.336  1330 66 0.364  1330 67 0.385  1330 68 0.385  1330 69 0.385  1330 70 0.392  1330 71 0.392  1330 72 0.406  1330 73 0.399  1330 74 0.378  1330 75 0.35  1330 76 0.308  1330 77 0.28  1330 78 0.259  1330 79 0.245  1330 80 0.245  1330 81 0.245  1330 82 0.238  1330 83 0.224  1330 84 0.217  1330 85 0.217  1330 86 0.231  1330 87 0.259  1330 88 0.308  1330 89 0.336  1330 90 0.357  1330 91 0.35  1330 92 0.336  1330 93 0.329  1330 94 0.322  1330 95 0.329  
994 0 0.0198  994 1 0.0264  994 2 0.0264  994 3 0.033  994 4 0.0396  994 5 0.0462  994 6 0.0396  994 7 0.033  994 8 0.0264  994 9 0.0132  994 10 0.0132  994 11 0.0132  994 12 0.0198  994 13 0.0264  994 14 0.0264  994 15 0.033  994 16 0.033  994 17 0.0396  994 18 0.0462  994 19 0.0528  994 20 0.0594  994 21 0.0726  994 22 0.0792  994 23 0.0858  994 24 0.0924  994 25 0.099  994 26 0.1122  994 27 0.1254  994 28 0.1452  994 29 0.1518  994 30 0.1518  994 31 0.1452  994 32 0.1254  994 33 0.1122  994 34 0.099  994 35 0.099  994 36 0.099  994 37 0.0924  994 38 0.0792  994 39 0.0594  994 40 0.033  994 41 0.0132  994 42 0.0066  994 43 0.0066  994 44 0.0132  994 45 0.0198  994 46 0.0264  994 47 0.0264  994 48 0.0198  994 49 0.0198  994 50 0.0198  994 51 0.0264  994 52 0.0396  994 53 0.0462  994 54 0.0528  994 55 0.0594  994 56 0.0594  994 57 0.066  994 58 0.066  994 59 0.0726  994 60 0.0792  994 61 0.0858  994 62 0.0726  994 63 0.0594  994 64 0.0396  994 65 0.0264  994 66 0.0132  994 67 0.0066  994 68 0.0066  994 69 0.0066  994 70 0.0066  994 71 0  994 72 0  994 73 0  994 74 0.0066  994 75 0.0198  994 76 0.033  994 77 0.0462  994 78 0.0528  994 79 0.0594  994 80 0.0594  994 81 0.0594  994 82 0.066  994 83 0.066  994 84 0.0726  994 85 0.0726  994 86 0.066  994 87 0.0528  994 88 0.0396  994 89 0.0264  994 90 0.0198  994 91 0.0198  994 92 0.0264  994 93 0.0264  994 94 0.033  994 95 0.0264  
1825 0 0.0248  1825 1 0.0341  1825 2 0.0434  1825 3 0.0496  1825 4 0.0651  1825 5 0.0775  1825 6 0.0775  1825 7 0.0713  1825 8 0.0589  1825 9 0.0527  1825 10 0.0527  1825 11 0.062  1825 12 0.0744  1825 13 0.0806  1825 14 0.0806  1825 15 0.0713  1825 16 0.0589  1825 17 0.0496  1825 18 0.0465  1825 19 0.0465  1825 20 0.0496  1825 21 0.0496  1825 22 0.0465  1825 23 0.0403  1825 24 0.0279  1825 25 0.0186  1825 26 0.0186  1825 27 0.0217  1825 28 0.031  1825 29 0.0372  1825 30 0.0403  1825 31 0.0372  1825 32 0.0341  1825 33 0.0279  1825 34 0.0279  1825 35 0.0248  1825 36 0.0217  1825 37 0.0217  1825 38 0.0155  1825 39 0.0124  1825 40 0.0062  1825 41 0  1825 42 0  1825 43 0.0031  1825 44 0.0062  1825 45 0.0124  1825 46 0.0155  1825 47 0.0186  1825 48 0.0248  1825 49 0.031  1825 50 0.0372  1825 51 0.0496  1825 52 0.062  1825 53 0.0682  1825 54 0.0682  1825 55 0.062  1825 56 0.0496  1825 57 0.0403  1825 58 0.0372  1825 59 0.0341  1825 60 0.0372  1825 61 0.0372  1825 62 0.0341  1825 63 0.031  1825 64 0.0279  1825 65 0.0217  1825 66 0.0217  1825 67 0.0217  1825 68 0.0217  1825 69 0.0248  1825 70 0.0217  1825 71 0.0217  1825 72 0.0186  1825 73 0.0155  1825 74 0.0155  1825 75 0.0186  1825 76 0.0217  1825 77 0.0248  1825 78 0.0279  1825 79 0.0279  1825 80 0.0248  1825 81 0.0248  1825 82 0.0248  1825 83 0.0279  1825 84 0.0341  1825 85 0.0372  1825 86 0.0403  1825 87 0.0434  1825 88 0.0434  1825 89 0.0434  1825 90 0.0465  1825 91 0.0496  1825 92 0.0527  1825 93 0.0558  1825 94 0.0527  1825 95 0.0465  
1090 0 0.288  1090 1 0.306  1090 2 0.324  1090 3 0.342  1090 4 0.387  1090 5 0.405  1090 6 0.396  1090 7 0.369  1090 8 0.324  1090 9 0.288  1090 10 0.261  1090 11 0.243  1090 12 0.243  1090 13 0.225  1090 14 0.198  1090 15 0.153  1090 16 0.09  1090 17 0.054  1090 18 0.054  1090 19 0.072  1090 20 0.126  1090 21 0.153  1090 22 0.18  1090 23 0.18  1090 24 0.171  1090 25 0.18  1090 26 0.216  1090 27 0.279  1090 28 0.36  1090 29 0.405  1090 30 0.414  1090 31 0.378  1090 32 0.297  1090 33 0.243  1090 34 0.216  1090 35 0.216  1090 36 0.234  1090 37 0.234  1090 38 0.198  1090 39 0.144  1090 40 0.063  1090 41 0.018  1090 42 0  1090 43 0.009  1090 44 0.054  1090 45 0.09  1090 46 0.117  1090 47 0.135  1090 48 0.135  1090 49 0.144  1090 50 0.144  1090 51 0.162  1090 52 0.171  1090 53 0.171  1090 54 0.144  1090 55 0.117  1090 56 0.063  1090 57 0.045  1090 58 0.036  1090 59 0.063  1090 60 0.108  1090 61 0.144  1090 62 0.162  1090 63 0.18  1090 64 0.189  1090 65 0.189  1090 66 0.189  1090 67 0.189  1090 68 0.189  1090 69 0.18  1090 70 0.153  1090 71 0.135  1090 72 0.099  1090 73 0.09  1090 74 0.108  1090 75 0.153  1090 76 0.225  1090 77 0.27  1090 78 0.288  1090 79 0.27  1090 80 0.225  1090 81 0.198  1090 82 0.189  1090 83 0.189  1090 84 0.207  1090 85 0.216  1090 86 0.225  1090 87 0.216  1090 88 0.207  1090 89 0.207  1090 90 0.225  1090 91 0.243  1090 92 0.288  1090 93 0.315  1090 94 0.324  1090 95 0.324  
1800 0 0.077  1800 1 0.0693  1800 2 0.0539  1800 3 0.0385  1800 4 0.0154  1800 5 0.0077  1800 6 0.0077  1800 7 0.0231  1800 8 0.0539  1800 9 0.077  1800 10 0.0924  1800 11 0.1001  1800 12 0.1001  1800 13 0.1155  1800 14 0.1309  1800 15 0.1617  1800 16 0.2002  1800 17 0.2156  1800 18 0.2233  1800 19 0.2079  1800 20 0.1771  1800 21 0.1617  1800 22 0.1463  1800 23 0.1463  1800 24 0.154  1800 25 0.1463  1800 26 0.1232  1800 27 0.0847  1800 28 0.0308  1800 29 0  1800 30 0  1800 31 0.0231  1800 32 0.0693  1800 33 0.1001  1800 34 0.1232  1800 35 0.1232  1800 36 0.1078  1800 37 0.1155  1800 38 0.1309  1800 39 0.1694  1800 40 0.2156  1800 41 0.2464  1800 42 0.2541  1800 43 0.2464  1800 44 0.2156  1800 45 0.2002  1800 46 0.1848  1800 47 0.1771  1800 48 0.1694  1800 49 0.1694  1800 50 0.1617  1800 51 0.154  1800 52 0.154  1800 53 0.154  1800 54 0.1617  1800 55 0.1848  1800 56 0.2156  1800 57 0.231  1800 58 0.231  1800 59 0.2156  1800 60 0.1848  1800 61 0.1694  1800 62 0.154  1800 63 0.1463  1800 64 0.1386  1800 65 0.1386  1800 66 0.1386  1800 67 0.1386  1800 68 0.1386  1800 69 0.1463  1800 70 0.1617  1800 71 0.1771  1800 72 0.1925  1800 73 0.2002  1800 74 0.1848  1800 75 0.1617  1800 76 0.1155  1800 77 0.0847  1800 78 0.077  1800 79 0.0847  1800 80 0.1155  1800 81 0.1309  1800 82 0.1386  1800 83 0.1386  1800 84 0.1309  1800 85 0.1232  1800 86 0.1155  1800 87 0.1232  1800 88 0.1309  1800 89 0.1309  1800 90 0.1155  1800 91 0.1001  1800 92 0.077  1800 93 0.0616  1800 94 0.0539  1800 95 0.0539  
1410 0 0.136  1410 1 0.136  1410 2 0.136  1410 3 0.136  1410 4 0.136  1410 5 0.136  1410 6 0.144  1410 7 0.152  1410 8 0.16  1410 9 0.168  1410 10 0.168  1410 11 0.168  1410 12 0.168  1410 13 0.168  1410 14 0.176  1410 15 0.192  1410 16 0.208  1410 17 0.208  1410 18 0.2  1410 19 0.184  1410 20 0.152  1410 21 0.128  1410 22 0.12  1410 23 0.128  1410 24 0.136  1410 25 0.152  1410 26 0.16  1410 27 0.168  1410 28 0.184  1410 29 0.192  1410 30 0.2  1410 31 0.216  1410 32 0.224  1410 33 0.232  1410 34 0.224  1410 35 0.216  1410 36 0.192  1410 37 0.176  1410 38 0.168  1410 39 0.168  1410 40 0.168  1410 41 0.176  1410 42 0.176  1410 43 0.168  1410 44 0.16  1410 45 0.152  1410 46 0.144  1410 47 0.144  1410 48 0.152  1410 49 0.144  1410 50 0.12  1410 51 0.08  1410 52 0.04  1410 53 0.008  1410 54 0  1410 55 0.008  1410 56 0.032  1410 57 0.056  1410 58 0.072  1410 59 0.08  1410 60 0.088  1410 61 0.096  1410 62 0.12  1410 63 0.152  1410 64 0.192  1410 65 0.216  1410 66 0.224  1410 67 0.224  1410 68 0.208  1410 69 0.2  1410 70 0.192  1410 71 0.2  1410 72 0.2  1410 73 0.2  1410 74 0.192  1410 75 0.176  1410 76 0.152  1410 77 0.128  1410 78 0.104  1410 79 0.08  1410 80 0.064  1410 81 0.048  1410 82 0.04  1410 83 0.04  1410 84 0.048  1410 85 0.056  1410 86 0.072  1410 87 0.088  1410 88 0.104  1410 89 0.112  1410 90 0.112  1410 91 0.104  1410 92 0.088  1410 93 0.08  1410 94 0.08  1410 95 0.088  
1018 0 0.0234  1018 1 0.0234  1018 2 0.0156  1018 3 0.0156  1018 4 0.0078  1018 5 0  1018 6 0  1018 7 0.0078  1018 8 0.0156  1018 9 0.0234  1018 10 0.0312  1018 11 0.0312  1018 12 0.0312  1018 13 0.039  1018 14 0.039  1018 15 0.0546  1018 16 0.0624  1018 17 0.0702  1018 18 0.0702  1018 19 0.0702  1018 20 0.0546  1018 21 0.0546  1018 22 0.0468  1018 23 0.0468  1018 24 0.0468  1018 25 0.0468  1018 26 0.039  1018 27 0.0234  1018 28 0.0078  1018 29 0  1018 30 0  1018 31 0.0078  1018 32 0.0234  1018 33 0.0312  1018 34 0.039  1018 35 0.039  1018 36 0.039  1018 37 0.039  1018 38 0.039  1018 39 0.0546  1018 40 0.0702  1018 41 0.078  1018 42 0.0858  1018 43 0.078  1018 44 0.0702  1018 45 0.0624  1018 46 0.0624  1018 47 0.0546  1018 48 0.0546  1018 49 0.0546  1018 50 0.0546  1018 51 0.0468  1018 52 0.0468  1018 53 0.0468  1018 54 0.0546  1018 55 0.0624  1018 56 0.0702  1018 57 0.0702  1018 58 0.078  1018 59 0.0702  1018 60 0.0624  1018 61 0.0546  1018 62 0.0468  1018 63 0.0468  1018 64 0.0468  1018 65 0.0468  1018 66 0.0468  1018 67 0.0468  1018 68 0.0468  1018 69 0.0468  1018 70 0.0546  1018 71 0.0546  1018 72 0.0624  1018 73 0.0624  1018 74 0.0624  1018 75 0.0546  1018 76 0.039  1018 77 0.0312  1018 78 0.0234  1018 79 0.0312  1018 80 0.039  1018 81 0.039  1018 82 0.0468  1018 83 0.0468  1018 84 0.039  1018 85 0.039  1018 86 0.039  1018 87 0.039  1018 88 0.039  1018 89 0.039  1018 90 0.039  1018 91 0.0312  1018 92 0.0234  1018 93 0.0234  1018 94 0.0156  1018 95 0.0156  
1866 0 0.1729  1866 1 0.1638  1866 2 0.1547  1866 3 0.1456  1866 4 0.1274  1866 5 0.1001  1866 6 0.0819  1866 7 0.0546  1866 8 0.0182  1866 9 0  1866 10 0.0091  1866 11 0.0273  1866 12 0.0637  1866 13 0.0819  1866 14 0.1001  1866 15 0.1001  1866 16 0.1001  1866 17 0.091  1866 18 0.091  1866 19 0.091  1866 20 0.1001  1866 21 0.1001  1866 22 0.1001  1866 23 0.1001  1866 24 0.1001  1866 25 0.1001  1866 26 0.091  1866 27 0.0819  1866 28 0.0637  1866 29 0.0546  1866 30 0.0364  1866 31 0.0273  1866 32 0  1866 33 0  1866 34 0.0091  1866 35 0.0455  1866 36 0.091  1866 37 0.1365  1866 38 0.1638  1866 39 0.2002  1866 40 0.2184  1866 41 0.2457  1866 42 0.2912  1866 43 0.3276  1866 44 0.3822  1866 45 0.4004  1866 46 0.3913  1866 47 0.3549  1866 48 0.2821  1866 49 0.2366  1866 50 0.2093  1866 51 0.2002  1866 52 0.2184  1866 53 0.2275  1866 54 0.2366  1866 55 0.2366  1866 56 0.2366  1866 57 0.2366  1866 58 0.2457  1866 59 0.2457  1866 60 0.2548  1866 61 0.2457  1866 62 0.2275  1866 63 0.182  1866 64 0.1183  1866 65 0.091  1866 66 0.0819  1866 67 0.1092  1866 68 0.1638  1866 69 0.2002  1866 70 0.2093  1866 71 0.2093  1866 72 0.1911  1866 73 0.182  1866 74 0.182  1866 75 0.2002  1866 76 0.2275  1866 77 0.2366  1866 78 0.2366  1866 79 0.2184  1866 80 0.182  1866 81 0.1547  1866 82 0.1365  1866 83 0.1365  1866 84 0.1365  1866 85 0.1365  1866 86 0.1274  1866 87 0.1183  1866 88 0.1092  1866 89 0.1001  1866 90 0.1001  1866 91 0.1092  1866 92 0.1274  1866 93 0.1365  1866 94 0.1456  1866 95 0.1547  
2053 0 0.1104  2053 1 0.1058  2053 2 0.0966  2053 3 0.092  2053 4 0.0782  2053 5 0.0644  2053 6 0.0506  2053 7 0.0322  2053 8 0.0138  2053 9 0.0046  2053 10 0.0046  2053 11 0.0138  2053 12 0.0368  2053 13 0.0552  2053 14 0.0644  2053 15 0.0644  2053 16 0.0598  2053 17 0.0598  2053 18 0.0598  2053 19 0.0598  2053 20 0.0598  2053 21 0.0644  2053 22 0.0644  2053 23 0.0644  2053 24 0.0644  2053 25 0.0598  2053 26 0.0552  2053 27 0.0506  2053 28 0.0414  2053 29 0.0368  2053 30 0.0276  2053 31 0.0138  2053 32 0.0046  2053 33 0  2053 34 0.0092  2053 35 0.0276  2053 36 0.0598  2053 37 0.0828  2053 38 0.1058  2053 39 0.1242  2053 40 0.1426  2053 41 0.1564  2053 42 0.184  2053 43 0.2116  2053 44 0.2438  2053 45 0.2576  2053 46 0.2484  2053 47 0.2254  2053 48 0.1794  2053 49 0.1518  2053 50 0.1334  2053 51 0.1288  2053 52 0.138  2053 53 0.1426  2053 54 0.1472  2053 55 0.1518  2053 56 0.1518  2053 57 0.1518  2053 58 0.1564  2053 59 0.1564  2053 60 0.1656  2053 61 0.1564  2053 62 0.1426  2053 63 0.115  2053 64 0.0782  2053 65 0.0552  2053 66 0.0552  2053 67 0.069  2053 68 0.1012  2053 69 0.1242  2053 70 0.1334  2053 71 0.1334  2053 72 0.1196  2053 73 0.115  2053 74 0.1196  2053 75 0.1242  2053 76 0.1426  2053 77 0.1518  2053 78 0.1472  2053 79 0.138  2053 80 0.115  2053 81 0.1012  2053 82 0.0874  2053 83 0.0828  2053 84 0.0874  2053 85 0.0828  2053 86 0.0828  2053 87 0.0782  2053 88 0.069  2053 89 0.0644  2053 90 0.0644  2053 91 0.0736  2053 92 0.0828  2053 93 0.0874  2053 94 0.0966  2053 95 0.1012  
1127 0 0.1683  1127 1 0.1734  1127 2 0.1836  1127 3 0.1887  1127 4 0.204  1127 5 0.2142  1127 6 0.2346  1127 7 0.255  1127 8 0.2805  1127 9 0.2907  1127 10 0.2856  1127 11 0.2754  1127 12 0.2499  1127 13 0.2295  1127 14 0.2193  1127 15 0.2142  1127 16 0.2244  1127 17 0.2244  1127 18 0.2244  1127 19 0.2244  1127 20 0.2244  1127 21 0.2193  1127 22 0.2193  1127 23 0.2193  1127 24 0.2193  1127 25 0.2244  1127 26 0.2295  1127 27 0.2346  1127 28 0.2448  1127 29 0.2499  1127 30 0.2652  1127 31 0.2754  1127 32 0.2907  1127 33 0.2907  1127 34 0.2856  1127 35 0.2601  1127 36 0.2244  1127 37 0.1938  1127 38 0.1683  1127 39 0.1479  1127 40 0.1326  1127 41 0.1122  1127 42 0.0816  1127 43 0.051  1127 44 0.0153  1127 45 0  1127 46 0.0051  1127 47 0.0357  1127 48 0.0867  1127 49 0.1224  1127 50 0.1377  1127 51 0.1428  1127 52 0.1326  1127 53 0.1275  1127 54 0.1224  1127 55 0.1224  1127 56 0.1224  1127 57 0.1173  1127 58 0.1122  1127 59 0.1122  1127 60 0.1071  1127 61 0.1122  1127 62 0.1275  1127 63 0.1632  1127 64 0.204  1127 65 0.2295  1127 66 0.2295  1127 67 0.2142  1127 68 0.1734  1127 69 0.1479  1127 70 0.1377  1127 71 0.1428  1127 72 0.153  1127 73 0.1632  1127 74 0.1581  1127 75 0.1479  1127 76 0.1275  1127 77 0.1224  1127 78 0.1224  1127 79 0.1326  1127 80 0.1632  1127 81 0.1785  1127 82 0.1887  1127 83 0.1938  1127 84 0.1938  1127 85 0.1938  1127 86 0.1989  1127 87 0.204  1127 88 0.2142  1127 89 0.2142  1127 90 0.2142  1127 91 0.2091  1127 92 0.1989  1127 93 0.1887  1127 94 0.1836  1127 95 0.1785  
1382 0 0  1382 1 0.0039  1382 2 0.0078  1382 3 0.0078  1382 4 0.0156  1382 5 0.0234  1382 6 0.0273  1382 7 0.0351  1382 8 0.039  1382 9 0.0468  1382 10 0.0507  1382 11 0.0546  1382 12 0.0585  1382 13 0.0585  1382 14 0.0507  1382 15 0.039  1382 16 0.0273  1382 17 0.0156  1382 18 0.0156  1382 19 0.0156  1382 20 0.0234  1382 21 0.0312  1382 22 0.0351  1382 23 0.0351  1382 24 0.0351  1382 25 0.039  1382 26 0.0468  1382 27 0.0624  1382 28 0.0819  1382 29 0.0936  1382 30 0.0975  1382 31 0.0936  1382 32 0.0819  1382 33 0.078  1382 34 0.0741  1382 35 0.078  1382 36 0.0858  1382 37 0.0897  1382 38 0.0858  1382 39 0.0819  1382 40 0.0663  1382 41 0.0624  1382 42 0.0624  1382 43 0.0702  1382 44 0.0819  1382 45 0.0897  1382 46 0.0897  1382 47 0.0819  1382 48 0.0702  1382 49 0.0624  1382 50 0.0585  1382 51 0.0624  1382 52 0.0663  1382 53 0.0663  1382 54 0.0624  1382 55 0.0546  1382 56 0.039  1382 57 0.0312  1382 58 0.0273  1382 59 0.0312  1382 60 0.039  1382 61 0.0429  1382 62 0.0429  1382 63 0.0429  1382 64 0.0351  1382 65 0.0312  1382 66 0.0312  1382 67 0.0351  1382 68 0.039  1382 69 0.0429  1382 70 0.0429  1382 71 0.039  1382 72 0.0312  1382 73 0.0273  1382 74 0.0234  1382 75 0.0234  1382 76 0.0234  1382 77 0.0234  1382 78 0.0234  1382 79 0.0195  1382 80 0.0156  1382 81 0.0156  1382 82 0.0156  1382 83 0.0195  1382 84 0.0234  1382 85 0.0234  1382 86 0.0273  1382 87 0.0273  1382 88 0.0312  1382 89 0.0312  1382 90 0.0351  1382 91 0.039  1382 92 0.0429  1382 93 0.0429  1382 94 0.039  1382 95 0.0312  
200 0 0.0602  200 1 0.0774  200 2 0.086  200 3 0.1032  200 4 0.1376  200 5 0.1634  200 6 0.1806  200 7 0.2064  200 8 0.215  200 9 0.2322  200 10 0.2494  200 11 0.258  200 12 0.2752  200 13 0.2838  200 14 0.2924  200 15 0.301  200 16 0.301  200 17 0.3096  200 18 0.344  200 19 0.3784  200 20 0.4386  200 21 0.4644  200 22 0.473  200 23 0.4472  200 24 0.4042  200 25 0.3698  200 26 0.3698  200 27 0.3784  200 28 0.4128  200 29 0.4386  200 30 0.4386  200 31 0.43  200 32 0.4042  200 33 0.3784  200 34 0.3612  200 35 0.3526  200 36 0.344  200 37 0.3268  200 38 0.301  200 39 0.2752  200 40 0.2408  200 41 0.215  200 42 0.1978  200 43 0.1892  200 44 0.1892  200 45 0.1806  200 46 0.1634  200 47 0.1376  200 48 0.1118  200 49 0.1032  200 50 0.1118  200 51 0.1548  200 52 0.215  200 53 0.258  200 54 0.2752  200 55 0.2752  200 56 0.2666  200 57 0.258  200 58 0.2666  200 59 0.2838  200 60 0.3096  200 61 0.3268  200 62 0.3268  200 63 0.3182  200 64 0.2924  200 65 0.2752  200 66 0.2666  200 67 0.2666  200 68 0.2666  200 69 0.258  200 70 0.2236  200 71 0.1634  200 72 0.086  200 73 0.0344  200 74 0.0086  200 75 0  200 76 0.0172  200 77 0.0258  200 78 0.0258  200 79 0.0258  200 80 0.0172  200 81 0.0086  200 82 0.0086  200 83 0.0172  200 84 0.0258  200 85 0.0344  200 86 0.043  200 87 0.0602  200 88 0.0688  200 89 0.086  200 90 0.1032  200 91 0.1204  200 92 0.1376  200 93 0.1548  200 94 0.1462  200 95 0.129  
747 0 0.03  747 1 0.0252  747 2 0.0204  747 3 0.0168  747 4 0.0072  747 5 0.0024  747 6 0.0012  747 7 0.0048  747 8 0.0108  747 9 0.0144  747 10 0.0144  747 11 0.0108  747 12 0.0036  747 13 0  747 14 0  747 15 0.0036  747 16 0.012  747 17 0.0168  747 18 0.0192  747 19 0.0192  747 20 0.0168  747 21 0.0168  747 22 0.018  747 23 0.0228  747 24 0.0288  747 25 0.0336  747 26 0.0336  747 27 0.0324  747 28 0.0276  747 29 0.024  747 30 0.0228  747 31 0.024  747 32 0.0264  747 33 0.0288  747 34 0.03  747 35 0.0312  747 36 0.0312  747 37 0.0324  747 38 0.0348  747 39 0.0384  747 40 0.042  747 41 0.0444  747 42 0.0444  747 43 0.0432  747 44 0.0408  747 45 0.0372  747 46 0.036  747 47 0.0336  747 48 0.0312  747 49 0.0276  747 50 0.0228  747 51 0.0168  747 52 0.0096  747 53 0.0072  747 54 0.0072  747 55 0.0096  747 56 0.0168  747 57 0.0216  747 58 0.024  747 59 0.0252  747 60 0.024  747 61 0.024  747 62 0.0252  747 63 0.0264  747 64 0.03  747 65 0.0324  747 66 0.0324  747 67 0.0324  747 68 0.0312  747 69 0.0312  747 70 0.0312  747 71 0.0324  747 72 0.0348  747 73 0.036  747 74 0.0348  747 75 0.0336  747 76 0.0312  747 77 0.03  747 78 0.03  747 79 0.03  747 80 0.03  747 81 0.03  747 82 0.03  747 83 0.0288  747 84 0.0252  747 85 0.024  747 86 0.0216  747 87 0.0204  747 88 0.0204  747 89 0.0192  747 90 0.018  747 91 0.0168  747 92 0.0144  747 93 0.0144  747 94 0.0156  747 95 0.018  
506 0 0.0264  506 1 0.033  506 2 0.033  506 3 0.033  506 4 0.0396  506 5 0.0396  506 6 0.033  506 7 0.0264  506 8 0.0132  506 9 0.0066  506 10 0.0066  506 11 0.0132  506 12 0.0198  506 13 0.0264  506 14 0.033  506 15 0.033  506 16 0.033  506 17 0.033  506 18 0.033  506 19 0.033  506 20 0.033  506 21 0.033  506 22 0.033  506 23 0.0264  506 24 0.0198  506 25 0.0198  506 26 0.0264  506 27 0.033  506 28 0.0528  506 29 0.066  506 30 0.0726  506 31 0.0726  506 32 0.0726  506 33 0.0726  506 34 0.0726  506 35 0.0726  506 36 0.066  506 37 0.0594  506 38 0.0528  506 39 0.0396  506 40 0.0264  506 41 0.0198  506 42 0.0198  506 43 0.033  506 44 0.0594  506 45 0.0726  506 46 0.0792  506 47 0.0858  506 48 0.0792  506 49 0.0792  506 50 0.0726  506 51 0.0792  506 52 0.0792  506 53 0.0792  506 54 0.0792  506 55 0.066  506 56 0.0528  506 57 0.0462  506 58 0.0396  506 59 0.0396  506 60 0.0462  506 61 0.0462  506 62 0.0396  506 63 0.033  506 64 0.0132  506 65 0.0066  506 66 0  506 67 0  506 68 0.0132  506 69 0.0198  506 70 0.0198  506 71 0.0198  506 72 0.0132  506 73 0.0198  506 74 0.0198  506 75 0.0264  506 76 0.0396  506 77 0.0462  506 78 0.0462  506 79 0.0396  506 80 0.033  506 81 0.0264  506 82 0.0264  506 83 0.033  506 84 0.0462  506 85 0.0594  506 86 0.066  506 87 0.0726  506 88 0.0726  506 89 0.0792  506 90 0.0924  506 91 0.1056  506 92 0.1188  506 93 0.1254  506 94 0.1188  506 95 0.099  
82 0 0.0032  82 1 0.0033  82 2 0.0034  82 3 0.0034  82 4 0.0036  82 5 0.0035  82 6 0.0031  82 7 0.0024  82 8 0.0014  82 9 0.0007  82 10 0.0003  82 11 0.0002  82 12 0.0004  82 13 0.0006  82 14 0.0007  82 15 0.0007  82 16 0.0008  82 17 0.0008  82 18 0.0009  82 19 0.0009  82 20 0.0009  82 21 0.0009  82 22 0.0008  82 23 0.0007  82 24 0.0006  82 25 0.0006  82 26 0.0007  82 27 0.0009  82 28 0.0012  82 29 0.0014  82 30 0.0014  82 31 0.0013  82 32 0.0011  82 33 0.0011  82 34 0.0011  82 35 0.0014  82 36 0.0018  82 37 0.0021  82 38 0.0023  82 39 0.0023  82 40 0.0022  82 41 0.0023  82 42 0.0025  82 43 0.003  82 44 0.0036  82 45 0.0039  82 46 0.0038  82 47 0.0034  82 48 0.0026  82 49 0.0022  82 50 0.0019  82 51 0.0019  82 52 0.0023  82 53 0.0023  82 54 0.0023  82 55 0.002  82 56 0.0015  82 57 0.0012  82 58 0.0011  82 59 0.0012  82 60 0.0014  82 61 0.0015  82 62 0.0014  82 63 0.0012  82 64 0.0008  82 65 0.0006  82 66 0.0005  82 67 0.0006  82 68 0.0008  82 69 0.0009  82 70 0.0008  82 71 0.0006  82 72 0.0002  82 73 0  82 74 0  82 75 0.0003  82 76 0.0008  82 77 0.0011  82 78 0.0012  82 79 0.0012  82 80 0.001  82 81 0.0009  82 82 0.0008  82 83 0.0008  82 84 0.0008  82 85 0.0009  82 86 0.0009  82 87 0.001  82 88 0.001  82 89 0.0013  82 90 0.0019  82 91 0.0027  82 92 0.0038  82 93 0.0045  82 94 0.0048  82 95 0.0046  
1754 0 0.0108  1754 1 0.0108  1754 2 0.0108  1754 3 0.0114  1754 4 0.0114  1754 5 0.0114  1754 6 0.0108  1754 7 0.0096  1754 8 0.0078  1754 9 0.0066  1754 10 0.0072  1754 11 0.0078  1754 12 0.0102  1754 13 0.0108  1754 14 0.0114  1754 15 0.0114  1754 16 0.0102  1754 17 0.009  1754 18 0.0084  1754 19 0.0072  1754 20 0.006  1754 21 0.0048  1754 22 0.0036  1754 23 0.0024  1754 24 0.0012  1754 25 0.0006  1754 26 0  1754 27 0  1754 28 0.0006  1754 29 0.0012  1754 30 0.0012  1754 31 0.0018  1754 32 0.0018  1754 33 0.003  1754 34 0.0042  1754 35 0.006  1754 36 0.0078  1754 37 0.009  1754 38 0.0096  1754 39 0.0096  1754 40 0.0084  1754 41 0.0078  1754 42 0.0078  1754 43 0.0078  1754 44 0.0084  1754 45 0.0084  1754 46 0.0072  1754 47 0.006  1754 48 0.0036  1754 49 0.0024  1754 50 0.0018  1754 51 0.0024  1754 52 0.0036  1754 53 0.0048  1754 54 0.006  1754 55 0.0072  1754 56 0.0084  1754 57 0.0096  1754 58 0.0108  1754 59 0.0126  1754 60 0.0138  1754 61 0.0144  1754 62 0.0138  1754 63 0.0126  1754 64 0.0102  1754 65 0.0084  1754 66 0.0072  1754 67 0.006  1754 68 0.006  1754 69 0.006  1754 70 0.0048  1754 71 0.0042  1754 72 0.003  1754 73 0.0024  1754 74 0.0018  1754 75 0.0018  1754 76 0.0018  1754 77 0.0018  1754 78 0.0018  1754 79 0.0018  1754 80 0.0012  1754 81 0.0018  1754 82 0.003  1754 83 0.0054  1754 84 0.0084  1754 85 0.0102  1754 86 0.0114  1754 87 0.0114  1754 88 0.0108  1754 89 0.0108  1754 90 0.012  1754 91 0.0144  1754 92 0.0168  1754 93 0.0186  1754 94 0.0186  1754 95 0.0174  
2034 0 0.0082  2034 1 0.0082  2034 2 0.0082  2034 3 0.0082  2034 4 0.0123  2034 5 0.0123  2034 6 0.0123  2034 7 0.0123  2034 8 0.0082  2034 9 0.0041  2034 10 0.0041  2034 11 0.0041  2034 12 0.0082  2034 13 0.0082  2034 14 0.0082  2034 15 0.0082  2034 16 0.0123  2034 17 0.0123  2034 18 0.0123  2034 19 0.0164  2034 20 0.0205  2034 21 0.0205  2034 22 0.0246  2034 23 0.0287  2034 24 0.0287  2034 25 0.0328  2034 26 0.0369  2034 27 0.041  2034 28 0.0451  2034 29 0.0492  2034 30 0.0492  2034 31 0.0451  2034 32 0.0369  2034 33 0.0328  2034 34 0.0328  2034 35 0.0287  2034 36 0.0328  2034 37 0.0287  2034 38 0.0246  2034 39 0.0205  2034 40 0.0123  2034 41 0.0041  2034 42 0  2034 43 0  2034 44 0.0041  2034 45 0.0082  2034 46 0.0082  2034 47 0.0082  2034 48 0.0041  2034 49 0.0041  2034 50 0.0082  2034 51 0.0082  2034 52 0.0123  2034 53 0.0164  2034 54 0.0164  2034 55 0.0164  2034 56 0.0164  2034 57 0.0205  2034 58 0.0205  2034 59 0.0246  2034 60 0.0246  2034 61 0.0246  2034 62 0.0246  2034 63 0.0205  2034 64 0.0123  2034 65 0.0082  2034 66 0.0041  2034 67 0.0041  2034 68 0.0041  2034 69 0  2034 70 0  2034 71 0  2034 72 0  2034 73 0  2034 74 0.0041  2034 75 0.0082  2034 76 0.0123  2034 77 0.0164  2034 78 0.0164  2034 79 0.0205  2034 80 0.0205  2034 81 0.0205  2034 82 0.0205  2034 83 0.0205  2034 84 0.0246  2034 85 0.0246  2034 86 0.0205  2034 87 0.0164  2034 88 0.0123  2034 89 0.0082  2034 90 0.0041  2034 91 0.0082  2034 92 0.0082  2034 93 0.0082  2034 94 0.0082  2034 95 0.0082  
541 0 0.4608  541 1 0.4608  541 2 0.4608  541 3 0.4608  541 4 0.4608  541 5 0.4608  541 6 0.4608  541 7 0.4704  541 8 0.48  541 9 0.48  541 10 0.4512  541 11 0.4128  541 12 0.3552  541 13 0.3168  541 14 0.2784  541 15 0.2496  541 16 0.24  541 17 0.2208  541 18 0.1728  541 19 0.1152  541 20 0.0384  541 21 0  541 22 0  541 23 0.0384  541 24 0.1152  541 25 0.1728  541 26 0.2016  541 27 0.2208  541 28 0.2016  541 29 0.2208  541 30 0.24  541 31 0.288  541 32 0.3456  541 33 0.384  541 34 0.384  541 35 0.3552  541 36 0.2976  541 37 0.2592  541 38 0.2304  541 39 0.2016  541 40 0.2016  541 41 0.192  541 42 0.1824  541 43 0.1728  541 44 0.1536  541 45 0.1632  541 46 0.2016  541 47 0.2496  541 48 0.336  541 49 0.384  541 50 0.4224  541 51 0.4416  541 52 0.432  541 53 0.432  541 54 0.4224  541 55 0.4224  541 56 0.432  541 57 0.4224  541 58 0.4128  541 59 0.3936  541 60 0.3744  541 61 0.3456  541 62 0.336  541 63 0.336  541 64 0.336  541 65 0.3264  541 66 0.2976  541 67 0.2688  541 68 0.2208  541 69 0.192  541 70 0.1824  541 71 0.2016  541 72 0.24  541 73 0.24  541 74 0.2208  541 75 0.1728  541 76 0.0864  541 77 0.0384  541 78 0.0192  541 79 0.0384  541 80 0.096  541 81 0.1344  541 82 0.1536  541 83 0.1632  541 84 0.1536  541 85 0.1728  541 86 0.2208  541 87 0.2976  541 88 0.3936  541 89 0.4704  541 90 0.5088  541 91 0.528  541 92 0.5184  541 93 0.4992  541 94 0.4896  541 95 0.4896  
1956 0 0.1209  1956 1 0.1023  1956 2 0.0837  1956 3 0.0651  1956 4 0.0279  1956 5 0.0093  1956 6 0.0093  1956 7 0.0372  1956 8 0.0837  1956 9 0.1209  1956 10 0.1488  1956 11 0.1581  1956 12 0.1581  1956 13 0.1767  1956 14 0.2046  1956 15 0.2511  1956 16 0.3162  1956 17 0.3441  1956 18 0.3441  1956 19 0.3255  1956 20 0.279  1956 21 0.2511  1956 22 0.2325  1956 23 0.2232  1956 24 0.2325  1956 25 0.2232  1956 26 0.186  1956 27 0.1302  1956 28 0.0465  1956 29 0  1956 30 0  1956 31 0.0372  1956 32 0.1116  1956 33 0.1581  1956 34 0.186  1956 35 0.1953  1956 36 0.1767  1956 37 0.1767  1956 38 0.2046  1956 39 0.2604  1956 40 0.3348  1956 41 0.3813  1956 42 0.3999  1956 43 0.3906  1956 44 0.3441  1956 45 0.3162  1956 46 0.2883  1956 47 0.2697  1956 48 0.2697  1956 49 0.2604  1956 50 0.2604  1956 51 0.2418  1956 52 0.2325  1956 53 0.2325  1956 54 0.2604  1956 55 0.2883  1956 56 0.3348  1956 57 0.3627  1956 58 0.3627  1956 59 0.3441  1956 60 0.2976  1956 61 0.2604  1956 62 0.2418  1956 63 0.2232  1956 64 0.2139  1956 65 0.2139  1956 66 0.2139  1956 67 0.2139  1956 68 0.2139  1956 69 0.2325  1956 70 0.2511  1956 71 0.2697  1956 72 0.3069  1956 73 0.3162  1956 74 0.2976  1956 75 0.2511  1956 76 0.1767  1956 77 0.1395  1956 78 0.1209  1956 79 0.1395  1956 80 0.1767  1956 81 0.2046  1956 82 0.2232  1956 83 0.2139  1956 84 0.2046  1956 85 0.186  1956 86 0.186  1956 87 0.186  1956 88 0.2046  1956 89 0.2046  1956 90 0.186  1956 91 0.1581  1956 92 0.1209  1956 93 0.093  1956 94 0.0837  1956 95 0.0837  
2192 0 0.153  2192 1 0.1428  2192 2 0.1326  2192 3 0.1275  2192 4 0.1122  2192 5 0.0969  2192 6 0.0867  2192 7 0.0765  2192 8 0.0663  2192 9 0.0561  2192 10 0.0459  2192 11 0.0306  2192 12 0.0102  2192 13 0  2192 14 0  2192 15 0.0102  2192 16 0.0306  2192 17 0.0408  2192 18 0.0408  2192 19 0.0306  2192 20 0.0102  2192 21 0  2192 22 0.0051  2192 23 0.0204  2192 24 0.0459  2192 25 0.0663  2192 26 0.0816  2192 27 0.0918  2192 28 0.0918  2192 29 0.0969  2192 30 0.102  2192 31 0.1071  2192 32 0.1122  2192 33 0.1173  2192 34 0.1173  2192 35 0.1122  2192 36 0.102  2192 37 0.0969  2192 38 0.0969  2192 39 0.0969  2192 40 0.0969  2192 41 0.0969  2192 42 0.0918  2192 43 0.0816  2192 44 0.0663  2192 45 0.0561  2192 46 0.051  2192 47 0.051  2192 48 0.0561  2192 49 0.0561  2192 50 0.051  2192 51 0.0357  2192 52 0.0153  2192 53 0.0051  2192 54 0.0102  2192 55 0.0255  2192 56 0.051  2192 57 0.0714  2192 58 0.0816  2192 59 0.0867  2192 60 0.0867  2192 61 0.0867  2192 62 0.0969  2192 63 0.1071  2192 64 0.1224  2192 65 0.1326  2192 66 0.1428  2192 67 0.1428  2192 68 0.1428  2192 69 0.1428  2192 70 0.1428  2192 71 0.1428  2192 72 0.1479  2192 73 0.1428  2192 74 0.1377  2192 75 0.1326  2192 76 0.1173  2192 77 0.1071  2192 78 0.102  2192 79 0.0969  2192 80 0.102  2192 81 0.0918  2192 82 0.0816  2192 83 0.0663  2192 84 0.0459  2192 85 0.0357  2192 86 0.0357  2192 87 0.0408  2192 88 0.0561  2192 89 0.0714  2192 90 0.0816  2192 91 0.0918  2192 92 0.102  2192 93 0.1071  2192 94 0.1173  2192 95 0.1275  
176 0 0.3915  176 1 0.3654  176 2 0.348  176 3 0.3219  176 4 0.2784  176 5 0.2436  176 6 0.2175  176 7 0.1914  176 8 0.174  176 9 0.1479  176 10 0.1131  176 11 0.0696  176 12 0.0261  176 13 0  176 14 0  176 15 0.0261  176 16 0.0783  176 17 0.1044  176 18 0.1044  176 19 0.0696  176 20 0.0261  176 21 0  176 22 0.0087  176 23 0.0522  176 24 0.1218  176 25 0.174  176 26 0.2088  176 27 0.2349  176 28 0.2349  176 29 0.2436  176 30 0.2523  176 31 0.2697  176 32 0.2871  176 33 0.2958  176 34 0.2958  176 35 0.2871  176 36 0.2697  176 37 0.2523  176 38 0.2436  176 39 0.2436  176 40 0.2523  176 41 0.2436  176 42 0.2349  176 43 0.2088  176 44 0.1653  176 45 0.1392  176 46 0.1305  176 47 0.1305  176 48 0.1392  176 49 0.1392  176 50 0.1218  176 51 0.087  176 52 0.0348  176 53 0.0174  176 54 0.0261  176 55 0.0609  176 56 0.1305  176 57 0.1827  176 58 0.2088  176 59 0.2262  176 60 0.2175  176 61 0.2262  176 62 0.2436  176 63 0.2697  176 64 0.3132  176 65 0.3393  176 66 0.3567  176 67 0.3654  176 68 0.3654  176 69 0.3654  176 70 0.3654  176 71 0.3654  176 72 0.3741  176 73 0.3654  176 74 0.3567  176 75 0.3306  176 76 0.3045  176 77 0.2784  176 78 0.261  176 79 0.2523  176 80 0.2523  176 81 0.2436  176 82 0.2088  176 83 0.174  176 84 0.1218  176 85 0.087  176 86 0.087  176 87 0.1044  176 88 0.1479  176 89 0.1827  176 90 0.2088  176 91 0.2436  176 92 0.2523  176 93 0.2784  176 94 0.2958  176 95 0.3219  

6591 0 0  6591 1 0  6591 2 0  6591 3 0  6591 4 0  6591 5 0  6591 6 0  6591 7 0  6591 8 0  6591 9 0  6591 10 0  6591 11 0  6591 12 0  6591 13 0  6591 14 0  6591 15 0  6591 16 0  6591 17 0  6591 18 0  6591 19 0  6591 20 0  6591 21 0  6591 22 0  6591 23 0  6591 24 0  6591 25 0  6591 26 0  6591 27 0  6591 28 0  6591 29 0  6591 30 0  6591 31 0  6591 32 0  6591 33 0  6591 34 0  6591 35 0  6591 36 0  6591 37 0  6591 38 0  6591 39 0  6591 40 0  6591 41 0  6591 42 0  6591 43 0  6591 44 0  6591 45 0  6591 46 0  6591 47 0  6591 48 0  6591 49 0  6591 50 0  6591 51 0  6591 52 0  6591 53 0  6591 54 0  6591 55 0  6591 56 0  6591 57 0  6591 58 0  6591 59 0  6591 60 0  6591 61 0  6591 62 0  6591 63 0  6591 64 0  6591 65 0  6591 66 0  6591 67 0  6591 68 0  6591 69 0  6591 70 0  6591 71 0  6591 72 0  6591 73 0  6591 74 0  6591 75 0  6591 76 0  6591 77 0  6591 78 0  6591 79 0  6591 80 0  6591 81 0  6591 82 0  6591 83 0  6591 84 0  6591 85 0  6591 86 0  6591 87 0  6591 88 0  6591 89 0  6591 90 0  6591 91 0  6591 92 0  6591 93 0  6591 94 0  6591 95 0  
;

param t := 
1591 1223 0.388238  
1591 441 0.388034  
1591 1907 0.554616  
1591 1330 0.211042  
1591 994 0.3532  
1591 1825 0.32441  
1591 1090 0.260432  
1591 1800 0.378431  
1591 1410 0.246814  
1591 1018 0.354175  
1591 1866 0.548844  
1591 2053 0.192724  
1591 1127 0.230124  
1591 1382 0.200032  
1591 200 0.482093  
1591 747 0.449738  
1591 506 0.387848  
1591 82 0.338499  
1591 1754 0.343927  
1591 2034 0.227677  
1591 541 0.328258  
1591 1956 0.579692  
1591 2192 0.92217  
1591 176 0.44013  
1223 6591 0.39465  
1223 441 0.522926  
1223 1907 0.729634  
1223 1330 0.475455  
1223 994 0.554687  
1223 1825 0.589412  
1223 1090 0.505094  
1223 1800 0.543795  
1223 1410 0.506656  
1223 1018 0.558022  
1223 1866 0.716932  
1223 2053 0.44885  
1223 1127 0.486025  
1223 1382 0.44664  
1223 200 0.671552  
1223 747 0.625585  
1223 506 0.5553  
1223 82 0.368637  
1223 1754 0.510914  
1223 2034 0.45388  
1223 541 0.495984  
1223 1956 0.724171  
1223 2192 0.920733  
1223 176 0.60602  
441 6591 0.400095  
441 1223 0.448562  
441 1907 0.273062  
441 1330 0.287418  
441 994 0.174806  
441 1825 0.325975  
441 1090 0.207372  
441 1800 0.140071  
441 1410 0.285059  
441 1018 0.181559  
441 1866 0.266206  
441 2053 0.292924  
441 1127 0.244566  
441 1382 0.332296  
441 200 0.1869  
441 747 0.18474  
441 506 0.0756383  
441 82 0.221635  
441 1754 0.0683838  
441 2034 0.229038  
441 541 0.083886  
441 1956 0.261978  
441 2192 0.618844  
441 176 0.113183  
1907 6591 0.605255  
1907 1223 0.668844  
1907 441 0.287788  
1907 1330 0.418639  
1907 994 0.338583  
1907 1825 0.404456  
1907 1090 0.345564  
1907 1800 0.293569  
1907 1410 0.392224  
1907 1018 0.341914  
1907 1866 0.174995  
1907 2053 0.434842  
1907 1127 0.383424  
1907 1382 0.450599  
1907 200 0.320993  
1907 747 0.220576  
1907 506 0.271752  
1907 82 0.463875  
1907 1754 0.294663  
1907 2034 0.385928  
1907 541 0.278994  
1907 1956 0.234237  
1907 2192 0.89221  
1907 176 0.296232  
1330 6591 0.242174  
1330 1223 0.556047  
1330 441 0.323582  
1330 1907 0.386291  
1330 994 0.164661  
1330 1825 0.156052  
1330 1090 0.121851  
1330 1800 0.230646  
1330 1410 0.0398091  
1330 1018 0.16362  
1330 1866 0.415945  
1330 2053 0.115108  
1330 1127 0.0929535  
1330 1382 0.0706739  
1330 200 0.339993  
1330 747 0.261797  
1330 506 0.267673  
1330 82 0.464908  
1330 1754 0.243225  
1330 2034 0.162247  
1330 541 0.226755  
1330 1956 0.409858  
1330 2192 0.927399  
1330 176 0.294122  
994 6591 0.375732  
994 1223 0.514475  
994 441 0.197336  
994 1907 0.282466  
994 1330 0.176905  
994 1825 0.22005  
994 1090 0.103881  
994 1800 0.0788684  
994 1410 0.1739  
994 1018 0.0353834  
994 1866 0.27168  
994 2053 0.197571  
994 1127 0.141075  
994 1382 0.231998  
994 200 0.199062  
994 747 0.110675  
994 506 0.123937  
994 82 0.346351  
994 1754 0.122025  
994 2034 0.150839  
994 541 0.105554  
994 1956 0.266943  
994 2192 0.819637  
994 176 0.162341  
1825 6591 0.367252  
1825 1223 0.683263  
1825 441 0.408191  
1825 1907 0.384727  
1825 1330 0.163969  
1825 994 0.247771  
1825 1090 0.244374  
1825 1800 0.310889  
1825 1410 0.139447  
1825 1018 0.24673  
1825 1866 0.414382  
1825 2053 0.241291  
1825 1127 0.235099  
1825 1382 0.212763  
1825 200 0.437606  
1825 747 0.257546  
1825 506 0.345278  
1825 82 0.566175  
1825 1754 0.332521  
1825 2034 0.29717  
1825 541 0.316852  
1825 1956 0.408295  
1825 2192 1.02562  
1825 176 0.374092  
1090 6591 0.271522  
1090 1223 0.531717  
1090 441 0.235637  
1090 1907 0.379761  
1090 1330 0.131925  
1090 994 0.102962  
1090 1825 0.219612  
1090 1800 0.168947  
1090 1410 0.144285  
1090 1018 0.101921  
1090 1866 0.347638  
1090 2053 0.0936895  
1090 1127 0.0473559  
1090 1382 0.160707  
1090 200 0.28019  
1090 747 0.200753  
1090 506 0.205238  
1090 82 0.361092  
1090 1754 0.155667  
1090 2034 0.0457001  
1090 541 0.139196  
1090 1956 0.349001  
1090 2192 0.841432  
1090 176 0.242321  
1800 6591 0.413111  
1800 1223 0.48012  
1800 441 0.155251  
1800 1907 0.265379  
1800 1330 0.216124  
1800 994 0.0894383  
1800 1825 0.259671  
1800 1090 0.1431  
1800 1410 0.213119  
1800 1018 0.0936186  
1800 1866 0.254967  
1800 2053 0.236789  
1800 1127 0.180294  
1800 1382 0.271771  
1800 200 0.162317  
1800 747 0.117088  
1800 506 0.108972  
1800 82 0.320534  
1800 1754 0.0949759  
1800 2034 0.190058  
1800 541 0.0785051  
1800 1956 0.252609  
1800 2192 0.78539  
1800 176 0.140308  
1410 6591 0.27468  
1410 1223 0.5922  
1410 441 0.358867  
1410 1907 0.360239  
1410 1330 0.0414157  
1410 994 0.18094  
1410 1825 0.130654  
1410 1090 0.160786  
1410 1800 0.246924  
1410 1018 0.179899  
1410 1866 0.389894  
1410 2053 0.150385  
1410 1127 0.131888  
1410 1382 0.103363  
1410 200 0.354125  
1410 747 0.234501  
1410 506 0.301014  
1410 82 0.49773  
1410 1754 0.278336  
1410 2034 0.201181  
1410 541 0.262667  
1410 1956 0.383807  
1410 2192 0.964538  
1410 176 0.31175  
1018 6591 0.343374  
1018 1223 0.482418  
1018 441 0.219664  
1018 1907 0.300538  
1018 1330 0.141522  
1018 994 0.0408061  
1018 1825 0.184667  
1018 1090 0.0684977  
1018 1800 0.0988267  
1018 1410 0.138516  
1018 1866 0.28825  
1018 2053 0.162187  
1018 1127 0.105692  
1018 1382 0.196614  
1018 200 0.215882  
1018 747 0.130633  
1018 506 0.140757  
1018 82 0.361354  
1018 1754 0.139695  
1018 2034 0.115456  
1018 541 0.123224  
1018 1956 0.285521  
1018 2192 0.839069  
1018 176 0.179161  
1866 6591 0.757745  
1866 1223 0.813703  
1866 441 0.444883  
1866 1907 0.315896  
1866 1330 0.605388  
1866 994 0.44032  
1866 1825 0.599305  
1866 1090 0.498826  
1866 1800 0.426006  
1866 1410 0.58021  
1866 1018 0.447036  
1866 2053 0.590626  
1866 1127 0.538629  
1866 1382 0.639172  
1866 200 0.533118  
1866 747 0.384519  
1866 506 0.427162  
1866 82 0.626272  
1866 1754 0.448296  
1866 2034 0.535339  
1866 541 0.432627  
1866 1956 0.320193  
1866 2192 1.08768  
1866 176 0.426443  
2053 6591 0.20321  
2053 1223 0.476293  
2053 441 0.310241  
2053 1907 0.447925  
2053 1330 0.123945  
2053 994 0.176145  
2053 1825 0.253606  
2053 1090 0.0731831  
2053 1800 0.24213  
2053 1410 0.158912  
2053 1018 0.175104  
2053 1866 0.418936  
2053 1127 0.042646  
2053 1382 0.113063  
2053 200 0.349962  
2053 747 0.273352  
2053 506 0.277547  
2053 82 0.395553  
2053 1754 0.22885  
2053 2034 0.0860977  
2053 541 0.21238  
2053 1956 0.420325  
2053 2192 0.8743  
2053 176 0.306691  
1127 6591 0.244898  
1127 1223 0.525055  
1127 441 0.264373  
1127 1907 0.406752  
1127 1330 0.100596  
1127 994 0.133499  
1127 1825 0.213118  
1127 1090 0.0305371  
1127 1800 0.199484  
1127 1410 0.117282  
1127 1018 0.132458  
1127 1866 0.377594  
1127 2053 0.0620296  
1127 1382 0.122683  
1127 200 0.311414  
1127 747 0.231291  
1127 506 0.235775  
1127 82 0.383764  
1127 1754 0.186204  
1127 2034 0.0709325  
1127 541 0.169734  
1127 1956 0.378982  
1127 2192 0.863218  
1127 176 0.268955  
1382 6591 0.1715  
1382 1223 0.505418  
1382 441 0.375708  
1382 1907 0.419787  
1382 1330 0.0675662  
1382 994 0.232227  
1382 1825 0.184257  
1382 1090 0.134424  
1382 1800 0.295307  
1382 1410 0.103338  
1382 1018 0.231186  
1382 1866 0.449442  
1382 2053 0.0941013  
1382 1127 0.105526  
1382 200 0.401712  
1382 747 0.287085  
1382 506 0.337696  
1382 82 0.443289  
1382 1754 0.295178  
1382 2034 0.174819  
1382 541 0.279509  
1382 1956 0.443355  
1382 2192 0.954823  
1382 176 0.359749  
200 6591 0.514477  
200 1223 0.55405  
200 441 0.198036  
200 1907 0.303623  
200 1330 0.306369  
200 994 0.179632  
200 1825 0.343332  
200 1090 0.233294  
200 1800 0.154767  
200 1410 0.304009  
200 1018 0.186386  
200 1866 0.298434  
200 2053 0.322862  
200 1127 0.270053  
200 1382 0.369396  
200 747 0.19538  
200 506 0.158398  
200 82 0.382262  
200 1754 0.181412  
200 2034 0.279649  
200 541 0.164942  
200 1956 0.246432  
200 2192 0.709586  
200 176 0.082555  
747 6591 0.453625  
747 1223 0.584811  
747 441 0.196374  
747 1907 0.175393  
747 1330 0.260715  
747 994 0.124982  
747 1825 0.256292  
747 1090 0.18706  
747 1800 0.0937184  
747 1410 0.238675  
747 1018 0.127157  
747 1866 0.204389  
747 2053 0.276723  
747 1127 0.224254  
747 1382 0.293875  
747 200 0.193136  
747 506 0.166603  
747 82 0.414117  
747 1754 0.187772  
747 2034 0.234018  
747 541 0.171301  
747 1956 0.195444  
747 2192 0.81869  
747 176 0.171128  
506 6591 0.384304  
506 1223 0.473365  
506 441 0.0984916  
506 1907 0.283346  
506 1330 0.246522  
506 994 0.119836  
506 1825 0.288916  
506 1090 0.178004  
506 1800 0.110547  
506 1410 0.243517  
506 1018 0.12659  
506 1866 0.276899  
506 2053 0.270614  
506 1127 0.215198  
506 1382 0.304392  
506 200 0.23112  
506 747 0.197827  
506 82 0.282774  
506 1754 0.0490408  
506 2034 0.202574  
506 541 0.0645431  
506 1956 0.272246  
506 2192 0.737403  
506 176 0.157403  
82 6591 0.325366  
82 1223 0.32624  
82 441 0.232358  
82 1907 0.47758  
82 1330 0.404848  
82 994 0.31265  
82 1825 0.480758  
82 1090 0.32764  
82 1800 0.309372  
82 1410 0.439485  
82 1018 0.319366  
82 1866 0.470383  
82 2053 0.378243  
82 1127 0.375563  
82 1382 0.376033  
82 200 0.382395  
82 747 0.38704  
82 506 0.281581  
82 1754 0.257461  
82 2034 0.311558  
82 541 0.259918  
82 1956 0.471772  
82 2192 0.667974  
82 176 0.312799  
1754 6591 0.353718  
1754 1223 0.438266  
1754 441 0.0799694  
1754 1907 0.288306  
1754 1330 0.218028  
1754 994 0.109725  
1754 1825 0.261657  
1754 1090 0.138988  
1754 1800 0.100435  
1754 1410 0.215022  
1754 1018 0.116479  
1754 1866 0.281958  
1754 2053 0.232677  
1754 1127 0.176182  
1754 1382 0.26778  
1754 200 0.230734  
1754 747 0.187716  
1754 506 0.0629213  
1754 82 0.276221  
1754 2034 0.160654  
1754 541 0.0155023  
1754 1956 0.278162  
1754 2192 0.718342  
1754 176 0.157016  
2034 6591 0.23971  
2034 1223 0.476288  
2034 441 0.254069  
2034 1907 0.395937  
2034 1330 0.173198  
2034 994 0.121445  
2034 1825 0.245848  
2034 1090 0.0516558  
2034 1800 0.18743  
2034 1410 0.189884  
2034 1018 0.120404  
2034 1866 0.365671  
2034 2053 0.0937877  
2034 1127 0.0726015  
2034 1382 0.185952  
2034 200 0.299416  
2034 747 0.219236  
2034 506 0.223721  
2034 82 0.315517  
2034 1754 0.174351  
2034 541 0.157881  
2034 1956 0.367059  
2034 2192 0.814474  
2034 176 0.258686  
541 6591 0.340182  
541 1223 0.421358  
541 441 0.0964402  
541 1907 0.272797  
541 1330 0.202526  
541 994 0.094223  
541 1825 0.245671  
541 1090 0.123486  
541 1800 0.0849331  
541 1410 0.19952  
541 1018 0.100977  
541 1866 0.265894  
541 2053 0.217175  
541 1127 0.16068  
541 1382 0.251665  
541 200 0.193885  
541 747 0.172214  
541 506 0.0792573  
541 82 0.261034  
541 1754 0.0164708  
541 2034 0.145152  
541 1956 0.261717  
541 2192 0.73536  
541 176 0.173487  
1956 6591 0.579709  
1956 1223 0.613971  
1956 441 0.242578  
1956 1907 0.18672  
1956 1330 0.391771  
1956 994 0.239154  
1956 1825 0.377588  
1956 1090 0.295934  
1956 1800 0.219132  
1956 1410 0.365357  
1956 1018 0.245908  
1956 1866 0.183281  
1956 2053 0.385212  
1956 1127 0.333794  
1956 1382 0.423732  
1956 200 0.238479  
1956 747 0.193108  
1956 506 0.21792  
1956 82 0.418105  
1956 1754 0.240934  
1956 2034 0.335902  
1956 541 0.224464  
1956 2192 0.810141  
1956 176 0.245792  
2192 6591 1.0968  
2192 1223 1.09349  
2192 441 0.818499  
2192 1907 1.09708  
2192 1330 1.11405  
2192 994 0.987682  
2192 1825 1.14828  
2192 1090 1.02212  
2192 1800 0.969122  
2192 1410 1.09701  
2192 1018 0.994911  
2192 1866 1.08643  
2192 2053 1.09022  
2192 1127 1.06132  
2192 1382 1.15655  
2192 200 0.873583  
2192 747 1.01305  
2192 506 0.897893  
2192 82 0.880438  
2192 1754 0.884427  
2192 2034 1.02307  
2192 541 0.899625  
2192 1956 1.01145  
2192 176 0.901832  
176 6591 0.485548  
176 1223 0.533116  
176 441 0.121827  
176 1907 0.266294  
176 1330 0.282575  
176 994 0.15511  
176 1825 0.321951  
176 1090 0.208772  
176 1800 0.138276  
176 1410 0.280216  
176 1018 0.161864  
176 1866 0.258219  
176 2053 0.294447  
176 1127 0.245966  
176 1382 0.333621  
176 200 0.0737178  
176 747 0.178889  
176 506 0.13105  
176 82 0.302357  
176 1754 0.158569  
176 2034 0.255618  
176 541 0.14042  
176 1956 0.255319  
176 2192 0.728695  
;

