param o := 349 ;
param s := 5349 ;

set R := 1299 344 1398 2205 547 2189 555 1983 2017 1632 116 1053 1992 1395 1622 919 2054 517 25 2026 1407 502 215 1478 ;
set M := 0 1 2 3 4 5 6 7 8 9 10 11 12 13 14 15 16 17 18 19 20 21 22 23 24 25 26 27 28 29 30 31 32 33 34 35 36 37 38 39 40 41 42 43 44 45 46 47 48 49 50 51 52 53 54 55 56 57 58 59 60 61 62 63 64 65 66 67 68 69 70 71 72 73 74 75 76 77 78 79 80 81 82 83 84 85 86 87 88 89 90 91 92 93 94 95 ;
param TTI := 
0 0
1 0.25
2 0.5
3 0.75
4 1
5 1.25
6 1.5
7 1.75
8 2
9 2.25
10 2.5
11 2.75
12 3
13 3.25
14 3.5
15 3.75
16 4
17 4.25
18 4.5
19 4.75
20 5
21 5.25
22 5.5
23 5.75
24 6
25 6.25
26 6.5
27 6.75
28 7
29 7.25
30 7.5
31 7.75
32 8
33 8.25
34 8.5
35 8.75
36 9
37 9.25
38 9.5
39 9.75
40 10
41 10.25
42 10.5
43 10.75
44 11
45 11.25
46 11.5
47 11.75
48 12
49 12.25
50 12.5
51 12.75
52 13
53 13.25
54 13.5
55 13.75
56 14
57 14.25
58 14.5
59 14.75
60 15
61 15.25
62 15.5
63 15.75
64 16
65 16.25
66 16.5
67 16.75
68 17
69 17.25
70 17.5
71 17.75
72 18
73 18.25
74 18.5
75 18.75
76 19
77 19.25
78 19.5
79 19.75
80 20
81 20.25
82 20.5
83 20.75
84 21
85 21.25
86 21.5
87 21.75
88 22
89 22.25
90 22.5
91 22.75
92 23
93 23.25
94 23.5
95 23.75
;

param TTF := 
0 0.25
1 0.5
2 0.75
3 1
4 1.25
5 1.5
6 1.75
7 2
8 2.25
9 2.5
10 2.75
11 3
12 3.25
13 3.5
14 3.75
15 4
16 4.25
17 4.5
18 4.75
19 5
20 5.25
21 5.5
22 5.75
23 6
24 6.25
25 6.5
26 6.75
27 7
28 7.25
29 7.5
30 7.75
31 8
32 8.25
33 8.5
34 8.75
35 9
36 9.25
37 9.5
38 9.75
39 10
40 10.25
41 10.5
42 10.75
43 11
44 11.25
45 11.5
46 11.75
47 12
48 12.25
49 12.5
50 12.75
51 13
52 13.25
53 13.5
54 13.75
55 14
56 14.25
57 14.5
58 14.75
59 15
60 15.25
61 15.5
62 15.75
63 16
64 16.25
65 16.5
66 16.75
67 17
68 17.25
69 17.5
70 17.75
71 18
72 18.25
73 18.5
74 18.75
75 19
76 19.25
77 19.5
78 19.75
79 20
80 20.25
81 20.5
82 20.75
83 21
84 21.25
85 21.5
86 21.75
87 22
88 22.25
89 22.5
90 22.75
91 23
92 23.25
93 23.5
94 23.75
95 24
;

param tf := 
349 0 0.0686  349 1 0.0931  349 2 0.1176  349 3 0.1372  349 4 0.1813  349 5 0.2107  349 6 0.2205  349 7 0.2156  349 8 0.2009  349 9 0.196  349 10 0.2009  349 11 0.2303  349 12 0.2646  349 13 0.2842  349 14 0.2744  349 15 0.2499  349 16 0.2009  349 17 0.1715  349 18 0.147  349 19 0.147  349 20 0.1568  349 21 0.1617  349 22 0.1617  349 23 0.1519  349 24 0.1372  349 25 0.1225  349 26 0.1176  349 27 0.1127  349 28 0.1127  349 29 0.1078  349 30 0.1029  349 31 0.098  349 32 0.0833  349 33 0.0833  349 34 0.0882  349 35 0.1078  349 36 0.1372  349 37 0.1568  349 38 0.1617  349 39 0.1666  349 40 0.1568  349 41 0.147  349 42 0.1323  349 43 0.1176  349 44 0.1029  349 45 0.0833  349 46 0.0686  349 47 0.049  349 48 0.0294  349 49 0.0196  349 50 0.0196  349 51 0.0294  349 52 0.049  349 53 0.0637  349 54 0.0833  349 55 0.098  349 56 0.1078  349 57 0.1225  349 58 0.1372  349 59 0.147  349 60 0.1617  349 61 0.1666  349 62 0.1666  349 63 0.1617  349 64 0.147  349 65 0.147  349 66 0.1617  349 67 0.1911  349 68 0.2303  349 69 0.2499  349 70 0.2548  349 71 0.245  349 72 0.2205  349 73 0.2009  349 74 0.1911  349 75 0.1862  349 76 0.1911  349 77 0.1813  349 78 0.1568  349 79 0.1225  349 80 0.0686  349 81 0.0343  349 82 0.0098  349 83 0  349 84 0.0049  349 85 0.0049  349 86 0.0098  349 87 0.0049  349 88 0.0049  349 89 0.0098  349 90 0.0196  349 91 0.0343  349 92 0.0637  349 93 0.0784  349 94 0.0882  349 95 0.0882  
1299 0 0.0837  1299 1 0.0837  1299 2 0.0744  1299 3 0.0744  1299 4 0.0744  1299 5 0.0744  1299 6 0.0744  1299 7 0.0837  1299 8 0.093  1299 9 0.1023  1299 10 0.1023  1299 11 0.093  1299 12 0.0837  1299 13 0.0837  1299 14 0.0744  1299 15 0.0744  1299 16 0.0744  1299 17 0.0744  1299 18 0.0744  1299 19 0.0744  1299 20 0.0744  1299 21 0.0744  1299 22 0.0744  1299 23 0.0837  1299 24 0.0837  1299 25 0.0837  1299 26 0.0837  1299 27 0.0744  1299 28 0.0651  1299 29 0.0465  1299 30 0.0465  1299 31 0.0372  1299 32 0.0372  1299 33 0.0465  1299 34 0.0465  1299 35 0.0465  1299 36 0.0465  1299 37 0.0558  1299 38 0.0651  1299 39 0.0744  1299 40 0.0837  1299 41 0.093  1299 42 0.0837  1299 43 0.0744  1299 44 0.0558  1299 45 0.0465  1299 46 0.0372  1299 47 0.0372  1299 48 0.0372  1299 49 0.0372  1299 50 0.0372  1299 51 0.0372  1299 52 0.0372  1299 53 0.0372  1299 54 0.0372  1299 55 0.0465  1299 56 0.0558  1299 57 0.0651  1299 58 0.0744  1299 59 0.0744  1299 60 0.0651  1299 61 0.0651  1299 62 0.0744  1299 63 0.0837  1299 64 0.093  1299 65 0.1023  1299 66 0.1023  1299 67 0.1023  1299 68 0.093  1299 69 0.093  1299 70 0.0837  1299 71 0.0837  1299 72 0.093  1299 73 0.093  1299 74 0.0837  1299 75 0.0837  1299 76 0.0744  1299 77 0.0651  1299 78 0.0651  1299 79 0.0651  1299 80 0.0744  1299 81 0.0837  1299 82 0.0837  1299 83 0.0744  1299 84 0.0651  1299 85 0.0558  1299 86 0.0465  1299 87 0.0465  1299 88 0.0465  1299 89 0.0372  1299 90 0.0279  1299 91 0.0186  1299 92 0  1299 93 0  1299 94 0.0093  1299 95 0.0186  
344 0 0.0672  344 1 0.0672  344 2 0.0672  344 3 0.0672  344 4 0.0672  344 5 0.0672  344 6 0.0624  344 7 0.0576  344 8 0.0528  344 9 0.048  344 10 0.0432  344 11 0.0432  344 12 0.0432  344 13 0.0432  344 14 0.0384  344 15 0.0288  344 16 0.0192  344 17 0.0144  344 18 0.0192  344 19 0.0336  344 20 0.0576  344 21 0.072  344 22 0.0768  344 23 0.0768  344 24 0.0672  344 25 0.0576  344 26 0.048  344 27 0.0432  344 28 0.0336  344 29 0.0288  344 30 0.0192  344 31 0.0096  344 32 0.0048  344 33 0  344 34 0.0048  344 35 0.0144  344 36 0.0288  344 37 0.0432  344 38 0.048  344 39 0.048  344 40 0.0432  344 41 0.0432  344 42 0.0432  344 43 0.048  344 44 0.0528  344 45 0.0576  344 46 0.0576  344 47 0.0576  344 48 0.0576  344 49 0.0624  344 50 0.0816  344 51 0.1056  344 52 0.1392  344 53 0.1584  344 54 0.1632  344 55 0.1584  344 56 0.1392  344 57 0.1248  344 58 0.1152  344 59 0.1056  344 60 0.1008  344 61 0.0912  344 62 0.0768  344 63 0.0576  344 64 0.0288  344 65 0.0096  344 66 0.0048  344 67 0.0048  344 68 0.0144  344 69 0.024  344 70 0.024  344 71 0.024  344 72 0.0192  344 73 0.0192  344 74 0.024  344 75 0.0384  344 76 0.0576  344 77 0.072  344 78 0.0912  344 79 0.1056  344 80 0.12  344 81 0.1296  344 82 0.1344  344 83 0.1344  344 84 0.1296  344 85 0.1248  344 86 0.1152  344 87 0.1008  344 88 0.0864  344 89 0.0816  344 90 0.0816  344 91 0.0864  344 92 0.1008  344 93 0.1104  344 94 0.1104  344 95 0.1008  
1398 0 0.0216  1398 1 0.0216  1398 2 0.0216  1398 3 0.024  1398 4 0.024  1398 5 0.024  1398 6 0.0216  1398 7 0.0192  1398 8 0.012  1398 9 0.0096  1398 10 0.0096  1398 11 0.0144  1398 12 0.0192  1398 13 0.024  1398 14 0.0264  1398 15 0.0288  1398 16 0.0264  1398 17 0.0264  1398 18 0.024  1398 19 0.0216  1398 20 0.0192  1398 21 0.0168  1398 22 0.0144  1398 23 0.0096  1398 24 0.0048  1398 25 0.0024  1398 26 0.0024  1398 27 0.0024  1398 28 0.0048  1398 29 0.0072  1398 30 0.0048  1398 31 0.0048  1398 32 0.0024  1398 33 0  1398 34 0  1398 35 0  1398 36 0.0024  1398 37 0.0048  1398 38 0.0048  1398 39 0.0048  1398 40 0.0048  1398 41 0.0048  1398 42 0.0048  1398 43 0.0072  1398 44 0.0072  1398 45 0.0096  1398 46 0.0096  1398 47 0.0096  1398 48 0.012  1398 49 0.0144  1398 50 0.0192  1398 51 0.0264  1398 52 0.0336  1398 53 0.0408  1398 54 0.0408  1398 55 0.0384  1398 56 0.0336  1398 57 0.0312  1398 58 0.0288  1398 59 0.0264  1398 60 0.0264  1398 61 0.0264  1398 62 0.024  1398 63 0.0192  1398 64 0.0144  1398 65 0.012  1398 66 0.0144  1398 67 0.0192  1398 68 0.0288  1398 69 0.0336  1398 70 0.036  1398 71 0.036  1398 72 0.0336  1398 73 0.0336  1398 74 0.0312  1398 75 0.0288  1398 76 0.0288  1398 77 0.0264  1398 78 0.024  1398 79 0.0216  1398 80 0.0216  1398 81 0.0216  1398 82 0.0264  1398 83 0.0336  1398 84 0.0432  1398 85 0.0504  1398 86 0.0504  1398 87 0.048  1398 88 0.0408  1398 89 0.036  1398 90 0.0336  1398 91 0.0336  1398 92 0.0336  1398 93 0.036  1398 94 0.0336  1398 95 0.0312  
2205 0 0.091  2205 1 0.084  2205 2 0.084  2205 3 0.077  2205 4 0.077  2205 5 0.07  2205 6 0.07  2205 7 0.077  2205 8 0.084  2205 9 0.084  2205 10 0.084  2205 11 0.077  2205 12 0.07  2205 13 0.063  2205 14 0.063  2205 15 0.07  2205 16 0.077  2205 17 0.084  2205 18 0.084  2205 19 0.084  2205 20 0.077  2205 21 0.077  2205 22 0.07  2205 23 0.07  2205 24 0.077  2205 25 0.07  2205 26 0.063  2205 27 0.049  2205 28 0.035  2205 29 0.021  2205 30 0.021  2205 31 0.021  2205 32 0.035  2205 33 0.035  2205 34 0.035  2205 35 0.021  2205 36 0.007  2205 37 0  2205 38 0  2205 39 0.014  2205 40 0.028  2205 41 0.042  2205 42 0.049  2205 43 0.049  2205 44 0.042  2205 45 0.042  2205 46 0.042  2205 47 0.042  2205 48 0.056  2205 49 0.056  2205 50 0.056  2205 51 0.056  2205 52 0.042  2205 53 0.042  2205 54 0.049  2205 55 0.063  2205 56 0.077  2205 57 0.091  2205 58 0.098  2205 59 0.105  2205 60 0.098  2205 61 0.098  2205 62 0.098  2205 63 0.098  2205 64 0.098  2205 65 0.098  2205 66 0.098  2205 67 0.098  2205 68 0.091  2205 69 0.091  2205 70 0.091  2205 71 0.084  2205 72 0.084  2205 73 0.084  2205 74 0.077  2205 75 0.077  2205 76 0.07  2205 77 0.063  2205 78 0.063  2205 79 0.056  2205 80 0.056  2205 81 0.049  2205 82 0.042  2205 83 0.042  2205 84 0.028  2205 85 0.028  2205 86 0.035  2205 87 0.049  2205 88 0.07  2205 89 0.084  2205 90 0.098  2205 91 0.098  2205 92 0.091  2205 93 0.084  2205 94 0.084  2205 95 0.084  
547 0 0.0726  547 1 0.0792  547 2 0.0792  547 3 0.0858  547 4 0.0924  547 5 0.099  547 6 0.1056  547 7 0.1122  547 8 0.1254  547 9 0.132  547 10 0.1254  547 11 0.1254  547 12 0.1122  547 13 0.1056  547 14 0.099  547 15 0.099  547 16 0.099  547 17 0.099  547 18 0.099  547 19 0.099  547 20 0.099  547 21 0.099  547 22 0.099  547 23 0.099  547 24 0.099  547 25 0.099  547 26 0.099  547 27 0.1056  547 28 0.1056  547 29 0.1122  547 30 0.1188  547 31 0.1254  547 32 0.132  547 33 0.132  547 34 0.1254  547 35 0.1188  547 36 0.099  547 37 0.0858  547 38 0.0726  547 39 0.066  547 40 0.0594  547 41 0.0462  547 42 0.0396  547 43 0.0264  547 44 0.0066  547 45 0  547 46 0  547 47 0.0132  547 48 0.0396  547 49 0.0528  547 50 0.0594  547 51 0.066  547 52 0.0594  547 53 0.0594  547 54 0.0528  547 55 0.0528  547 56 0.0528  547 57 0.0528  547 58 0.0528  547 59 0.0462  547 60 0.0462  547 61 0.0462  547 62 0.0594  547 63 0.0726  547 64 0.0924  547 65 0.099  547 66 0.1056  547 67 0.0924  547 68 0.0792  547 69 0.066  547 70 0.0594  547 71 0.0594  547 72 0.066  547 73 0.0726  547 74 0.0726  547 75 0.066  547 76 0.0594  547 77 0.0528  547 78 0.0528  547 79 0.0594  547 80 0.0726  547 81 0.0792  547 82 0.0858  547 83 0.0858  547 84 0.0858  547 85 0.0858  547 86 0.0858  547 87 0.0924  547 88 0.0924  547 89 0.099  547 90 0.099  547 91 0.0924  547 92 0.0858  547 93 0.0858  547 94 0.0792  547 95 0.0792  
2189 0 0  2189 1 0.0062  2189 2 0.0124  2189 3 0.0186  2189 4 0.0279  2189 5 0.0403  2189 6 0.0465  2189 7 0.0558  2189 8 0.062  2189 9 0.0682  2189 10 0.0775  2189 11 0.0868  2189 12 0.0992  2189 13 0.1085  2189 14 0.1085  2189 15 0.0992  2189 16 0.0868  2189 17 0.0806  2189 18 0.0806  2189 19 0.0868  2189 20 0.1023  2189 21 0.1085  2189 22 0.1054  2189 23 0.093  2189 24 0.0744  2189 25 0.0589  2189 26 0.0496  2189 27 0.0434  2189 28 0.0434  2189 29 0.0403  2189 30 0.0372  2189 31 0.031  2189 32 0.0279  2189 33 0.0248  2189 34 0.0248  2189 35 0.0279  2189 36 0.0341  2189 37 0.0372  2189 38 0.0403  2189 39 0.0403  2189 40 0.0372  2189 41 0.0403  2189 42 0.0434  2189 43 0.0496  2189 44 0.062  2189 45 0.0682  2189 46 0.0713  2189 47 0.0713  2189 48 0.0682  2189 49 0.0682  2189 50 0.0744  2189 51 0.0837  2189 52 0.0961  2189 53 0.1054  2189 54 0.1023  2189 55 0.0899  2189 56 0.0713  2189 57 0.0558  2189 58 0.0496  2189 59 0.0465  2189 60 0.0465  2189 61 0.0465  2189 62 0.0403  2189 63 0.031  2189 64 0.0217  2189 65 0.0124  2189 66 0.0062  2189 67 0.0062  2189 68 0.0062  2189 69 0.0062  2189 70 0.0062  2189 71 0.0062  2189 72 0.0031  2189 73 0.0062  2189 74 0.0093  2189 75 0.0155  2189 76 0.0248  2189 77 0.031  2189 78 0.0372  2189 79 0.0372  2189 80 0.0372  2189 81 0.0403  2189 82 0.0496  2189 83 0.0589  2189 84 0.0744  2189 85 0.0837  2189 86 0.0837  2189 87 0.0775  2189 88 0.0682  2189 89 0.0558  2189 90 0.0496  2189 91 0.0403  2189 92 0.0372  2189 93 0.031  2189 94 0.0248  2189 95 0.0186  
555 0 0.387  555 1 0.36  555 2 0.342  555 3 0.315  555 4 0.27  555 5 0.234  555 6 0.216  555 7 0.198  555 8 0.198  555 9 0.18  555 10 0.153  555 11 0.108  555 12 0.054  555 13 0.036  555 14 0.045  555 15 0.081  555 16 0.153  555 17 0.198  555 18 0.216  555 19 0.216  555 20 0.189  555 21 0.162  555 22 0.162  555 23 0.171  555 24 0.189  555 25 0.198  555 26 0.198  555 27 0.189  555 28 0.171  555 29 0.162  555 30 0.171  555 31 0.198  555 32 0.243  555 33 0.261  555 34 0.27  555 35 0.252  555 36 0.225  555 37 0.216  555 38 0.216  555 39 0.243  555 40 0.279  555 41 0.279  555 42 0.261  555 43 0.207  555 44 0.126  555 45 0.072  555 46 0.054  555 47 0.054  555 48 0.09  555 49 0.117  555 50 0.144  555 51 0.171  555 52 0.189  555 53 0.216  555 54 0.243  555 55 0.27  555 56 0.306  555 57 0.333  555 58 0.333  555 59 0.324  555 60 0.306  555 61 0.297  555 62 0.288  555 63 0.297  555 64 0.306  555 65 0.306  555 66 0.279  555 67 0.234  555 68 0.162  555 69 0.117  555 70 0.09  555 71 0.081  555 72 0.09  555 73 0.081  555 74 0.072  555 75 0.054  555 76 0.009  555 77 0  555 78 0.009  555 79 0.054  555 80 0.108  555 81 0.144  555 82 0.162  555 83 0.153  555 84 0.117  555 85 0.108  555 86 0.126  555 87 0.162  555 88 0.234  555 89 0.279  555 90 0.297  555 91 0.306  555 92 0.288  555 93 0.279  555 94 0.288  555 95 0.306  
1983 0 0  1983 1 0.0077  1983 2 0.0154  1983 3 0.0231  1983 4 0.0308  1983 5 0.0462  1983 6 0.0616  1983 7 0.0693  1983 8 0.0847  1983 9 0.0924  1983 10 0.1078  1983 11 0.1155  1983 12 0.1155  1983 13 0.1155  1983 14 0.1078  1983 15 0.0847  1983 16 0.0539  1983 17 0.0385  1983 18 0.0308  1983 19 0.0308  1983 20 0.0539  1983 21 0.0616  1983 22 0.0693  1983 23 0.0693  1983 24 0.0693  1983 25 0.077  1983 26 0.0924  1983 27 0.1232  1983 28 0.1617  1983 29 0.1925  1983 30 0.2002  1983 31 0.1925  1983 32 0.1694  1983 33 0.154  1983 34 0.154  1983 35 0.1617  1983 36 0.1771  1983 37 0.1848  1983 38 0.1771  1983 39 0.1617  1983 40 0.1386  1983 41 0.1309  1983 42 0.1309  1983 43 0.1463  1983 44 0.1694  1983 45 0.1848  1983 46 0.1848  1983 47 0.1694  1983 48 0.1463  1983 49 0.1232  1983 50 0.1232  1983 51 0.1232  1983 52 0.1386  1983 53 0.1386  1983 54 0.1309  1983 55 0.1078  1983 56 0.077  1983 57 0.0616  1983 58 0.0539  1983 59 0.0616  1983 60 0.077  1983 61 0.0924  1983 62 0.0924  1983 63 0.0847  1983 64 0.077  1983 65 0.0693  1983 66 0.0693  1983 67 0.0693  1983 68 0.0847  1983 69 0.0847  1983 70 0.0847  1983 71 0.077  1983 72 0.0616  1983 73 0.0539  1983 74 0.0462  1983 75 0.0462  1983 76 0.0462  1983 77 0.0462  1983 78 0.0462  1983 79 0.0462  1983 80 0.0385  1983 81 0.0308  1983 82 0.0308  1983 83 0.0385  1983 84 0.0462  1983 85 0.0539  1983 86 0.0539  1983 87 0.0616  1983 88 0.0616  1983 89 0.0616  1983 90 0.0693  1983 91 0.077  1983 92 0.0924  1983 93 0.0924  1983 94 0.0847  1983 95 0.0616  
2017 0 0.136  2017 1 0.128  2017 2 0.128  2017 3 0.128  2017 4 0.12  2017 5 0.12  2017 6 0.128  2017 7 0.144  2017 8 0.176  2017 9 0.184  2017 10 0.184  2017 11 0.168  2017 12 0.144  2017 13 0.12  2017 14 0.104  2017 15 0.104  2017 16 0.112  2017 17 0.112  2017 18 0.12  2017 19 0.128  2017 20 0.144  2017 21 0.152  2017 22 0.168  2017 23 0.184  2017 24 0.208  2017 25 0.216  2017 26 0.224  2017 27 0.216  2017 28 0.208  2017 29 0.2  2017 30 0.208  2017 31 0.208  2017 32 0.224  2017 33 0.224  2017 34 0.232  2017 35 0.224  2017 36 0.216  2017 37 0.208  2017 38 0.208  2017 39 0.208  2017 40 0.208  2017 41 0.208  2017 42 0.208  2017 43 0.2  2017 44 0.2  2017 45 0.192  2017 46 0.184  2017 47 0.184  2017 48 0.176  2017 49 0.168  2017 50 0.144  2017 51 0.112  2017 52 0.072  2017 53 0.048  2017 54 0.04  2017 55 0.056  2017 56 0.072  2017 57 0.096  2017 58 0.104  2017 59 0.112  2017 60 0.112  2017 61 0.112  2017 62 0.12  2017 63 0.144  2017 64 0.168  2017 65 0.176  2017 66 0.168  2017 67 0.144  2017 68 0.104  2017 69 0.08  2017 70 0.064  2017 71 0.064  2017 72 0.072  2017 73 0.08  2017 74 0.088  2017 75 0.096  2017 76 0.104  2017 77 0.112  2017 78 0.12  2017 79 0.128  2017 80 0.136  2017 81 0.128  2017 82 0.112  2017 83 0.08  2017 84 0.032  2017 85 0.008  2017 86 0  2017 87 0.016  2017 88 0.048  2017 89 0.064  2017 90 0.08  2017 91 0.08  2017 92 0.072  2017 93 0.072  2017 94 0.08  2017 95 0.088  
1632 0 0.117  1632 1 0.1404  1632 2 0.1638  1632 3 0.1872  1632 4 0.234  1632 5 0.2574  1632 6 0.2652  1632 7 0.2496  1632 8 0.2184  1632 9 0.2028  1632 10 0.2028  1632 11 0.2262  1632 12 0.2652  1632 13 0.2886  1632 14 0.2886  1632 15 0.2652  1632 16 0.2262  1632 17 0.2028  1632 18 0.2028  1632 19 0.2262  1632 20 0.2574  1632 21 0.2808  1632 22 0.2808  1632 23 0.273  1632 24 0.2418  1632 25 0.2262  1632 26 0.2028  1632 27 0.195  1632 28 0.195  1632 29 0.1794  1632 30 0.1404  1632 31 0.1014  1632 32 0.039  1632 33 0.0078  1632 34 0  1632 35 0.0156  1632 36 0.0624  1632 37 0.1014  1632 38 0.1326  1632 39 0.1638  1632 40 0.1872  1632 41 0.2184  1632 42 0.2574  1632 43 0.3042  1632 44 0.351  1632 45 0.3822  1632 46 0.3744  1632 47 0.3354  1632 48 0.273  1632 49 0.234  1632 50 0.2106  1632 51 0.2262  1632 52 0.2652  1632 53 0.2808  1632 54 0.2886  1632 55 0.2808  1632 56 0.2652  1632 57 0.2574  1632 58 0.2496  1632 59 0.2574  1632 60 0.273  1632 61 0.2808  1632 62 0.2964  1632 63 0.3042  1632 64 0.312  1632 65 0.3276  1632 66 0.351  1632 67 0.3744  1632 68 0.4056  1632 69 0.4134  1632 70 0.3978  1632 71 0.351  1632 72 0.2886  1632 73 0.2496  1632 74 0.2262  1632 75 0.234  1632 76 0.2652  1632 77 0.2808  1632 78 0.2808  1632 79 0.273  1632 80 0.2574  1632 81 0.2418  1632 82 0.2418  1632 83 0.2418  1632 84 0.2574  1632 85 0.2496  1632 86 0.2262  1632 87 0.1872  1632 88 0.1248  1632 89 0.0936  1632 90 0.0702  1632 91 0.0702  1632 92 0.0858  1632 93 0.1014  1632 94 0.1092  1632 95 0.117  
116 0 0.3458  116 1 0.3367  116 2 0.3276  116 3 0.3094  116 4 0.2821  116 5 0.2639  116 6 0.2457  116 7 0.2275  116 8 0.2184  116 9 0.2002  116 10 0.1911  116 11 0.182  116 12 0.1729  116 13 0.1547  116 14 0.1547  116 15 0.1456  116 16 0.1456  116 17 0.1365  116 18 0.1092  116 19 0.0728  116 20 0.0273  116 21 0  116 22 0  116 23 0.0182  116 24 0.0637  116 25 0.0819  116 26 0.091  116 27 0.0728  116 28 0.0455  116 29 0.0364  116 30 0.0273  116 31 0.0364  116 32 0.0546  116 33 0.0728  116 34 0.091  116 35 0.1001  116 36 0.1092  116 37 0.1274  116 38 0.1456  116 39 0.1638  116 40 0.2002  116 41 0.2184  116 42 0.2366  116 43 0.2366  116 44 0.2366  116 45 0.2457  116 46 0.2639  116 47 0.2821  116 48 0.3094  116 49 0.3185  116 50 0.3094  116 51 0.273  116 52 0.2184  116 53 0.182  116 54 0.1638  116 55 0.1638  116 56 0.1729  116 57 0.182  116 58 0.1729  116 59 0.1638  116 60 0.1365  116 61 0.1183  116 62 0.1183  116 63 0.1274  116 64 0.1547  116 65 0.1638  116 66 0.1729  116 67 0.1729  116 68 0.1729  116 69 0.182  116 70 0.2093  116 71 0.2639  116 72 0.3276  116 73 0.3731  116 74 0.4004  116 75 0.4004  116 76 0.3822  116 77 0.3731  116 78 0.3731  116 79 0.3822  116 80 0.3913  116 81 0.4004  116 82 0.4004  116 83 0.3913  116 84 0.3822  116 85 0.3731  116 86 0.364  116 87 0.3458  116 88 0.3367  116 89 0.3276  116 90 0.3185  116 91 0.3003  116 92 0.2821  116 93 0.273  116 94 0.273  116 95 0.2912  
1053 0 0.1656  1053 1 0.138  1053 2 0.115  1053 3 0.092  1053 4 0.0414  1053 5 0.0138  1053 6 0.0092  1053 7 0.023  1053 8 0.0598  1053 9 0.0782  1053 10 0.0782  1053 11 0.0598  1053 12 0.0184  1053 13 0  1053 14 0  1053 15 0.023  1053 16 0.0644  1053 17 0.092  1053 18 0.1058  1053 19 0.1058  1053 20 0.092  1053 21 0.092  1053 22 0.1012  1053 23 0.1242  1053 24 0.161  1053 25 0.184  1053 26 0.1886  1053 27 0.1748  1053 28 0.1472  1053 29 0.1334  1053 30 0.1242  1053 31 0.1288  1053 32 0.1426  1053 33 0.1564  1053 34 0.1656  1053 35 0.1702  1053 36 0.1748  1053 37 0.1794  1053 38 0.1932  1053 39 0.2116  1053 40 0.23  1053 41 0.2392  1053 42 0.2438  1053 43 0.2346  1053 44 0.2208  1053 45 0.207  1053 46 0.1932  1053 47 0.184  1053 48 0.1702  1053 49 0.1518  1053 50 0.1288  1053 51 0.0966  1053 52 0.0552  1053 53 0.0368  1053 54 0.0368  1053 55 0.0552  1053 56 0.092  1053 57 0.115  1053 58 0.1334  1053 59 0.138  1053 60 0.1334  1053 61 0.1288  1053 62 0.138  1053 63 0.1472  1053 64 0.1656  1053 65 0.1748  1053 66 0.1794  1053 67 0.1794  1053 68 0.1748  1053 69 0.1702  1053 70 0.1748  1053 71 0.1794  1053 72 0.1886  1053 73 0.1932  1053 74 0.1932  1053 75 0.184  1053 76 0.1748  1053 77 0.1656  1053 78 0.1656  1053 79 0.1656  1053 80 0.1702  1053 81 0.1702  1053 82 0.1656  1053 83 0.1564  1053 84 0.1426  1053 85 0.1288  1053 86 0.1242  1053 87 0.115  1053 88 0.1104  1053 89 0.1058  1053 90 0.1012  1053 91 0.092  1053 92 0.0782  1053 93 0.0782  1053 94 0.0874  1053 95 0.1012  
1992 0 0.0663  1992 1 0.0918  1992 2 0.1122  1992 3 0.1326  1992 4 0.1785  1992 5 0.204  1992 6 0.204  1992 7 0.1887  1992 8 0.1581  1992 9 0.1428  1992 10 0.1428  1992 11 0.1632  1992 12 0.1938  1992 13 0.2142  1992 14 0.2142  1992 15 0.1938  1992 16 0.1581  1992 17 0.1326  1992 18 0.1224  1992 19 0.1224  1992 20 0.1326  1992 21 0.1326  1992 22 0.1275  1992 23 0.102  1992 24 0.0714  1992 25 0.051  1992 26 0.051  1992 27 0.0612  1992 28 0.0816  1992 29 0.0969  1992 30 0.102  1992 31 0.102  1992 32 0.0867  1992 33 0.0765  1992 34 0.0714  1992 35 0.0612  1992 36 0.0612  1992 37 0.0561  1992 38 0.0459  1992 39 0.0306  1992 40 0.0102  1992 41 0  1992 42 0  1992 43 0.0051  1992 44 0.0204  1992 45 0.0306  1992 46 0.0408  1992 47 0.051  1992 48 0.0612  1992 49 0.0816  1992 50 0.102  1992 51 0.1275  1992 52 0.1632  1992 53 0.1785  1992 54 0.1785  1992 55 0.1632  1992 56 0.1326  1992 57 0.1122  1992 58 0.0969  1992 59 0.0918  1992 60 0.0969  1992 61 0.102  1992 62 0.0918  1992 63 0.0867  1992 64 0.0714  1992 65 0.0612  1992 66 0.0561  1992 67 0.0561  1992 68 0.0612  1992 69 0.0612  1992 70 0.0612  1992 71 0.0561  1992 72 0.0459  1992 73 0.0408  1992 74 0.0459  1992 75 0.051  1992 76 0.0612  1992 77 0.0663  1992 78 0.0714  1992 79 0.0714  1992 80 0.0663  1992 81 0.0663  1992 82 0.0663  1992 83 0.0765  1992 84 0.0867  1992 85 0.102  1992 86 0.1071  1992 87 0.1122  1992 88 0.1122  1992 89 0.1173  1992 90 0.1275  1992 91 0.1326  1992 92 0.1428  1992 93 0.1428  1992 94 0.1377  1992 95 0.1224  
1395 0 0.1521  1395 1 0.1287  1395 2 0.1053  1395 3 0.0819  1395 4 0.039  1395 5 0.0117  1395 6 0.0078  1395 7 0.0234  1395 8 0.0546  1395 9 0.0741  1395 10 0.0741  1395 11 0.0546  1395 12 0.0195  1395 13 0  1395 14 0  1395 15 0.0195  1395 16 0.0585  1395 17 0.0819  1395 18 0.0975  1395 19 0.0975  1395 20 0.0819  1395 21 0.0819  1395 22 0.0936  1395 23 0.1131  1395 24 0.1482  1395 25 0.1677  1395 26 0.1755  1395 27 0.1638  1395 28 0.1365  1395 29 0.1209  1395 30 0.1131  1395 31 0.1209  1395 32 0.1326  1395 33 0.1443  1395 34 0.1521  1395 35 0.156  1395 36 0.1599  1395 37 0.1677  1395 38 0.1794  1395 39 0.195  1395 40 0.2106  1395 41 0.2223  1395 42 0.2262  1395 43 0.2184  1395 44 0.2067  1395 45 0.1911  1395 46 0.1794  1395 47 0.1677  1395 48 0.156  1395 49 0.1404  1395 50 0.117  1395 51 0.0897  1395 52 0.0507  1395 53 0.0351  1395 54 0.0351  1395 55 0.0507  1395 56 0.0858  1395 57 0.1092  1395 58 0.1248  1395 59 0.1248  1395 60 0.1209  1395 61 0.1209  1395 62 0.1248  1395 63 0.1365  1395 64 0.1521  1395 65 0.1638  1395 66 0.1677  1395 67 0.1677  1395 68 0.1599  1395 69 0.156  1395 70 0.1599  1395 71 0.1638  1395 72 0.1755  1395 73 0.1794  1395 74 0.1794  1395 75 0.1716  1395 76 0.1599  1395 77 0.1521  1395 78 0.1521  1395 79 0.1521  1395 80 0.156  1395 81 0.156  1395 82 0.1521  1395 83 0.1443  1395 84 0.1326  1395 85 0.1209  1395 86 0.1131  1395 87 0.1053  1395 88 0.1053  1395 89 0.0975  1395 90 0.0936  1395 91 0.0819  1395 92 0.0741  1395 93 0.0702  1395 94 0.078  1395 95 0.0936  
1622 0 0.1462  1622 1 0.1376  1622 2 0.1204  1622 3 0.1032  1622 4 0.0688  1622 5 0.0516  1622 6 0.043  1622 7 0.043  1622 8 0.0602  1622 9 0.0602  1622 10 0.0602  1622 11 0.0344  1622 12 0.0086  1622 13 0  1622 14 0  1622 15 0.0258  1622 16 0.0602  1622 17 0.0774  1622 18 0.0946  1622 19 0.0946  1622 20 0.086  1622 21 0.086  1622 22 0.086  1622 23 0.0946  1622 24 0.1032  1622 25 0.1118  1622 26 0.1204  1622 27 0.1204  1622 28 0.1204  1622 29 0.1204  1622 30 0.129  1622 31 0.129  1622 32 0.1376  1622 33 0.1462  1622 34 0.1376  1622 35 0.1204  1622 36 0.1032  1622 37 0.086  1622 38 0.086  1622 39 0.086  1622 40 0.086  1622 41 0.0946  1622 42 0.1032  1622 43 0.1204  1622 44 0.129  1622 45 0.1376  1622 46 0.1548  1622 47 0.1634  1622 48 0.1806  1622 49 0.1892  1622 50 0.1892  1622 51 0.1806  1622 52 0.1634  1622 53 0.1548  1622 54 0.1462  1622 55 0.129  1622 56 0.1204  1622 57 0.1118  1622 58 0.1032  1622 59 0.0946  1622 60 0.086  1622 61 0.086  1622 62 0.086  1622 63 0.086  1622 64 0.0946  1622 65 0.0946  1622 66 0.086  1622 67 0.0688  1622 68 0.0344  1622 69 0.0258  1622 70 0.0172  1622 71 0.0258  1622 72 0.043  1622 73 0.0602  1622 74 0.0688  1622 75 0.0688  1622 76 0.0602  1622 77 0.0688  1622 78 0.086  1622 79 0.1118  1622 80 0.1462  1622 81 0.1806  1622 82 0.1978  1622 83 0.1978  1622 84 0.1978  1622 85 0.1978  1622 86 0.1978  1622 87 0.1978  1622 88 0.1978  1622 89 0.1978  1622 90 0.1892  1622 91 0.172  1622 92 0.1548  1622 93 0.1462  1622 94 0.1376  1622 95 0.1376  
919 0 0.048  919 1 0.0444  919 2 0.0408  919 3 0.0372  919 4 0.03  919 5 0.0252  919 6 0.024  919 7 0.0264  919 8 0.0312  919 9 0.0348  919 10 0.0336  919 11 0.03  919 12 0.024  919 13 0.0204  919 14 0.0204  919 15 0.024  919 16 0.03  919 17 0.0336  919 18 0.0336  919 19 0.0312  919 20 0.0252  919 21 0.0216  919 22 0.0204  919 23 0.0228  919 24 0.0276  919 25 0.0312  919 26 0.0336  919 27 0.036  919 28 0.036  919 29 0.0384  919 30 0.0432  919 31 0.0516  919 32 0.06  919 33 0.066  919 34 0.0672  919 35 0.0648  919 36 0.0576  919 37 0.0516  919 38 0.0456  919 39 0.0408  919 40 0.036  919 41 0.0312  919 42 0.0252  919 43 0.018  919 44 0.0096  919 45 0.0048  919 46 0.0072  919 47 0.0132  919 48 0.0228  919 49 0.03  919 50 0.0324  919 51 0.03  919 52 0.024  919 53 0.0204  919 54 0.0192  919 55 0.0204  919 56 0.024  919 57 0.0252  919 58 0.0264  919 59 0.0252  919 60 0.0228  919 61 0.0204  919 62 0.0192  919 63 0.018  919 64 0.0156  919 65 0.0132  919 66 0.0096  919 67 0.006  919 68 0.0012  919 69 0  919 70 0.0024  919 71 0.0096  919 72 0.0204  919 73 0.0264  919 74 0.03  919 75 0.0288  919 76 0.024  919 77 0.0216  919 78 0.0204  919 79 0.0228  919 80 0.0252  919 81 0.0276  919 82 0.0288  919 83 0.0276  919 84 0.0252  919 85 0.0264  919 86 0.03  919 87 0.0372  919 88 0.0468  919 89 0.0528  919 90 0.0564  919 91 0.0564  919 92 0.0528  919 93 0.0504  919 94 0.0492  919 95 0.048  
2054 0 0.033  2054 1 0.0462  2054 2 0.0528  2054 3 0.0594  2054 4 0.0792  2054 5 0.0924  2054 6 0.1056  2054 7 0.1188  2054 8 0.1254  2054 9 0.132  2054 10 0.1386  2054 11 0.1452  2054 12 0.1584  2054 13 0.165  2054 14 0.165  2054 15 0.1716  2054 16 0.1716  2054 17 0.1782  2054 18 0.1914  2054 19 0.2178  2054 20 0.2508  2054 21 0.264  2054 22 0.2706  2054 23 0.2574  2054 24 0.231  2054 25 0.2112  2054 26 0.2112  2054 27 0.2178  2054 28 0.2376  2054 29 0.2442  2054 30 0.2508  2054 31 0.2442  2054 32 0.231  2054 33 0.2178  2054 34 0.2046  2054 35 0.198  2054 36 0.1914  2054 37 0.1848  2054 38 0.1716  2054 39 0.1584  2054 40 0.1386  2054 41 0.1254  2054 42 0.1122  2054 43 0.1056  2054 44 0.1056  2054 45 0.099  2054 46 0.0924  2054 47 0.0792  2054 48 0.0594  2054 49 0.0594  2054 50 0.066  2054 51 0.0858  2054 52 0.1188  2054 53 0.1452  2054 54 0.1584  2054 55 0.1584  2054 56 0.1518  2054 57 0.1452  2054 58 0.1518  2054 59 0.1584  2054 60 0.1782  2054 61 0.1848  2054 62 0.1848  2054 63 0.1848  2054 64 0.165  2054 65 0.1584  2054 66 0.1518  2054 67 0.1518  2054 68 0.1518  2054 69 0.1452  2054 70 0.1254  2054 71 0.0924  2054 72 0.0528  2054 73 0.0198  2054 74 0  2054 75 0  2054 76 0.0132  2054 77 0.0132  2054 78 0.0132  2054 79 0.0132  2054 80 0.0066  2054 81 0  2054 82 0  2054 83 0.0066  2054 84 0.0132  2054 85 0.0198  2054 86 0.0264  2054 87 0.033  2054 88 0.0396  2054 89 0.0462  2054 90 0.0594  2054 91 0.066  2054 92 0.0792  2054 93 0.0858  2054 94 0.0858  2054 95 0.0726  
517 0 0.0044  517 1 0.0042  517 2 0.0039  517 3 0.0037  517 4 0.0032  517 5 0.0028  517 6 0.0025  517 7 0.0022  517 8 0.0019  517 9 0.0017  517 10 0.0013  517 11 0.0008  517 12 0.0003  517 13 0  517 14 0  517 15 0.0003  517 16 0.0009  517 17 0.0011  517 18 0.0011  517 19 0.0008  517 20 0.0003  517 21 0  517 22 0.0001  517 23 0.0006  517 24 0.0014  517 25 0.002  517 26 0.0024  517 27 0.0027  517 28 0.0027  517 29 0.0028  517 30 0.0029  517 31 0.0031  517 32 0.0033  517 33 0.0034  517 34 0.0034  517 35 0.0033  517 36 0.003  517 37 0.0029  517 38 0.0028  517 39 0.0028  517 40 0.0029  517 41 0.0028  517 42 0.0027  517 43 0.0023  517 44 0.0019  517 45 0.0016  517 46 0.0015  517 47 0.0015  517 48 0.0016  517 49 0.0016  517 50 0.0014  517 51 0.001  517 52 0.0004  517 53 0.0002  517 54 0.0003  517 55 0.0007  517 56 0.0015  517 57 0.0021  517 58 0.0024  517 59 0.0026  517 60 0.0025  517 61 0.0026  517 62 0.0028  517 63 0.0031  517 64 0.0036  517 65 0.0039  517 66 0.0041  517 67 0.0042  517 68 0.0042  517 69 0.0042  517 70 0.0042  517 71 0.0042  517 72 0.0042  517 73 0.0042  517 74 0.0041  517 75 0.0038  517 76 0.0034  517 77 0.0031  517 78 0.003  517 79 0.0029  517 80 0.0029  517 81 0.0027  517 82 0.0024  517 83 0.002  517 84 0.0014  517 85 0.001  517 86 0.001  517 87 0.0012  517 88 0.0017  517 89 0.0021  517 90 0.0024  517 91 0.0027  517 92 0.0029  517 93 0.0031  517 94 0.0034  517 95 0.0037  
25 0 0.021  25 1 0.0204  25 2 0.0198  25 3 0.0186  25 4 0.0174  25 5 0.0156  25 6 0.015  25 7 0.0138  25 8 0.0132  25 9 0.0126  25 10 0.0114  25 11 0.0108  25 12 0.0102  25 13 0.0096  25 14 0.009  25 15 0.009  25 16 0.009  25 17 0.0084  25 18 0.0066  25 19 0.0048  25 20 0.0018  25 21 0  25 22 0  25 23 0.0012  25 24 0.0036  25 25 0.0048  25 26 0.0054  25 27 0.0048  25 28 0.003  25 29 0.0018  25 30 0.0018  25 31 0.0024  25 32 0.0036  25 33 0.0048  25 34 0.0054  25 35 0.006  25 36 0.0066  25 37 0.0072  25 38 0.0084  25 39 0.0096  25 40 0.012  25 41 0.0132  25 42 0.0138  25 43 0.0144  25 44 0.0144  25 45 0.015  25 46 0.0156  25 47 0.0168  25 48 0.0186  25 49 0.0192  25 50 0.0186  25 51 0.0162  25 52 0.0132  25 53 0.0108  25 54 0.0096  25 55 0.0096  25 56 0.0108  25 57 0.0108  25 58 0.0102  25 59 0.0096  25 60 0.0084  25 61 0.0072  25 62 0.0072  25 63 0.0078  25 64 0.009  25 65 0.0096  25 66 0.0102  25 67 0.0108  25 68 0.0102  25 69 0.0108  25 70 0.0126  25 71 0.0156  25 72 0.0198  25 73 0.0222  25 74 0.024  25 75 0.024  25 76 0.0234  25 77 0.0228  25 78 0.0228  25 79 0.0228  25 80 0.0234  25 81 0.024  25 82 0.024  25 83 0.0234  25 84 0.0228  25 85 0.0222  25 86 0.0216  25 87 0.021  25 88 0.0204  25 89 0.0198  25 90 0.0192  25 91 0.018  25 92 0.0168  25 93 0.0162  25 94 0.0168  25 95 0.0174  
2026 0 0.1025  2026 1 0.1025  2026 2 0.0984  2026 3 0.0943  2026 4 0.0902  2026 5 0.082  2026 6 0.0779  2026 7 0.0738  2026 8 0.0738  2026 9 0.0697  2026 10 0.0656  2026 11 0.0574  2026 12 0.0492  2026 13 0.0451  2026 14 0.0492  2026 15 0.0574  2026 16 0.0738  2026 17 0.082  2026 18 0.082  2026 19 0.0697  2026 20 0.0492  2026 21 0.0369  2026 22 0.0328  2026 23 0.041  2026 24 0.0533  2026 25 0.0656  2026 26 0.0738  2026 27 0.0861  2026 28 0.0902  2026 29 0.0984  2026 30 0.1066  2026 31 0.1189  2026 32 0.1271  2026 33 0.1312  2026 34 0.1271  2026 35 0.1189  2026 36 0.1066  2026 37 0.0902  2026 38 0.082  2026 39 0.0738  2026 40 0.0697  2026 41 0.0656  2026 42 0.0574  2026 43 0.0533  2026 44 0.0451  2026 45 0.0451  2026 46 0.0492  2026 47 0.0615  2026 48 0.082  2026 49 0.0984  2026 50 0.1066  2026 51 0.1107  2026 52 0.1107  2026 53 0.1107  2026 54 0.1148  2026 55 0.1189  2026 56 0.123  2026 57 0.1271  2026 58 0.1271  2026 59 0.123  2026 60 0.1107  2026 61 0.1025  2026 62 0.0943  2026 63 0.0902  2026 64 0.082  2026 65 0.0738  2026 66 0.0656  2026 67 0.0533  2026 68 0.041  2026 69 0.0287  2026 70 0.0246  2026 71 0.0205  2026 72 0.0205  2026 73 0.0205  2026 74 0.0246  2026 75 0.0328  2026 76 0.041  2026 77 0.0492  2026 78 0.0615  2026 79 0.0779  2026 80 0.0984  2026 81 0.1066  2026 82 0.1066  2026 83 0.0984  2026 84 0.082  2026 85 0.0656  2026 86 0.0492  2026 87 0.0369  2026 88 0.0246  2026 89 0.0164  2026 90 0.0082  2026 91 0.0041  2026 92 0  2026 93 0.0041  2026 94 0.0164  2026 95 0.0369  
1407 0 0  1407 1 0.0384  1407 2 0.0672  1407 3 0.1056  1407 4 0.1728  1407 5 0.2208  1407 6 0.2592  1407 7 0.2784  1407 8 0.2784  1407 9 0.3072  1407 10 0.3456  1407 11 0.4128  1407 12 0.4896  1407 13 0.528  1407 14 0.5088  1407 15 0.4512  1407 16 0.3456  1407 17 0.2784  1407 18 0.2496  1407 19 0.2496  1407 20 0.2976  1407 21 0.3264  1407 22 0.336  1407 23 0.3264  1407 24 0.2976  1407 25 0.2784  1407 26 0.2784  1407 27 0.2976  1407 28 0.3264  1407 29 0.336  1407 30 0.3168  1407 31 0.2784  1407 32 0.2208  1407 33 0.1824  1407 34 0.1728  1407 35 0.192  1407 36 0.24  1407 37 0.2496  1407 38 0.2496  1407 39 0.2208  1407 40 0.1632  1407 41 0.1536  1407 42 0.1824  1407 43 0.2688  1407 44 0.3936  1407 45 0.4704  1407 46 0.4992  1407 47 0.4992  1407 48 0.4416  1407 49 0.3936  1407 50 0.3552  1407 51 0.3264  1407 52 0.2976  1407 53 0.2592  1407 54 0.2208  1407 55 0.1632  1407 56 0.1152  1407 57 0.0768  1407 58 0.0768  1407 59 0.0864  1407 60 0.1248  1407 61 0.1344  1407 62 0.144  1407 63 0.1344  1407 64 0.1152  1407 65 0.1248  1407 66 0.1632  1407 67 0.2304  1407 68 0.3264  1407 69 0.4032  1407 70 0.4416  1407 71 0.4608  1407 72 0.4416  1407 73 0.4512  1407 74 0.4704  1407 75 0.4992  1407 76 0.5568  1407 77 0.576  1407 78 0.5568  1407 79 0.4992  1407 80 0.4128  1407 81 0.3552  1407 82 0.336  1407 83 0.3552  1407 84 0.4032  1407 85 0.4224  1407 86 0.3936  1407 87 0.3264  1407 88 0.2304  1407 89 0.1632  1407 90 0.1248  1407 91 0.1248  1407 92 0.1536  1407 93 0.1632  1407 94 0.1536  1407 95 0.1248  
502 0 0.3906  502 1 0.372  502 2 0.3441  502 3 0.3255  502 4 0.279  502 5 0.2418  502 6 0.2139  502 7 0.2046  502 8 0.2046  502 9 0.186  502 10 0.1581  502 11 0.1116  502 12 0.0558  502 13 0.0372  502 14 0.0465  502 15 0.0837  502 16 0.1581  502 17 0.2046  502 18 0.2232  502 19 0.2232  502 20 0.186  502 21 0.1674  502 22 0.1674  502 23 0.1767  502 24 0.1953  502 25 0.2046  502 26 0.2046  502 27 0.1953  502 28 0.1767  502 29 0.1674  502 30 0.1767  502 31 0.2046  502 32 0.2418  502 33 0.2697  502 34 0.279  502 35 0.2604  502 36 0.2325  502 37 0.2232  502 38 0.2232  502 39 0.2418  502 40 0.2883  502 41 0.2883  502 42 0.2697  502 43 0.2139  502 44 0.1302  502 45 0.0744  502 46 0.0558  502 47 0.0558  502 48 0.093  502 49 0.1209  502 50 0.1488  502 51 0.1767  502 52 0.1953  502 53 0.2139  502 54 0.2418  502 55 0.279  502 56 0.3162  502 57 0.3348  502 58 0.3441  502 59 0.3348  502 60 0.3069  502 61 0.2976  502 62 0.2976  502 63 0.2976  502 64 0.3162  502 65 0.3069  502 66 0.2883  502 67 0.2325  502 68 0.1674  502 69 0.1209  502 70 0.093  502 71 0.0744  502 72 0.093  502 73 0.0837  502 74 0.0744  502 75 0.0558  502 76 0.0093  502 77 0  502 78 0.0093  502 79 0.0558  502 80 0.1116  502 81 0.1488  502 82 0.1674  502 83 0.1581  502 84 0.1209  502 85 0.1023  502 86 0.1302  502 87 0.1674  502 88 0.2325  502 89 0.2883  502 90 0.3069  502 91 0.3069  502 92 0.2883  502 93 0.2883  502 94 0.2883  502 95 0.3069  
215 0 0.0102  215 1 0.0255  215 2 0.0408  215 3 0.0612  215 4 0.0969  215 5 0.1173  215 6 0.1275  215 7 0.1224  215 8 0.1122  215 9 0.0969  215 10 0.0867  215 11 0.0765  215 12 0.0714  215 13 0.0612  215 14 0.051  215 15 0.0459  215 16 0.0357  215 17 0.0357  215 18 0.0408  215 19 0.051  215 20 0.0765  215 21 0.0867  215 22 0.0867  215 23 0.0765  215 24 0.0612  215 25 0.051  215 26 0.051  215 27 0.051  215 28 0.0663  215 29 0.0714  215 30 0.0612  215 31 0.0459  215 32 0.0204  215 33 0.0051  215 34 0  215 35 0.0051  215 36 0.0204  215 37 0.0357  215 38 0.0459  215 39 0.051  215 40 0.0561  215 41 0.0663  215 42 0.0867  215 43 0.1173  215 44 0.1581  215 45 0.1734  215 46 0.1785  215 47 0.1632  215 48 0.1275  215 49 0.1122  215 50 0.1122  215 51 0.1377  215 52 0.1785  215 53 0.204  215 54 0.2142  215 55 0.204  215 56 0.1836  215 57 0.1683  215 58 0.1632  215 59 0.1683  215 60 0.1785  215 61 0.1836  215 62 0.1734  215 63 0.1632  215 64 0.1428  215 65 0.1326  215 66 0.1224  215 67 0.1275  215 68 0.1377  215 69 0.1326  215 70 0.1173  215 71 0.0918  215 72 0.051  215 73 0.0357  215 74 0.0459  215 75 0.0765  215 76 0.1275  215 77 0.1632  215 78 0.1836  215 79 0.1887  215 80 0.1734  215 81 0.1632  215 82 0.1632  215 83 0.1683  215 84 0.1836  215 85 0.1836  215 86 0.1632  215 87 0.1326  215 88 0.0816  215 89 0.051  215 90 0.0255  215 91 0.0153  215 92 0.0204  215 93 0.0255  215 94 0.0255  215 95 0.0204  
1478 0 0.1479  1478 1 0.1479  1478 2 0.1566  1478 3 0.1566  1478 4 0.1653  1478 5 0.1566  1478 6 0.1392  1478 7 0.1131  1478 8 0.0696  1478 9 0.0348  1478 10 0.0174  1478 11 0.0087  1478 12 0.0174  1478 13 0.0261  1478 14 0.0348  1478 15 0.0348  1478 16 0.0348  1478 17 0.0348  1478 18 0.0435  1478 19 0.0435  1478 20 0.0435  1478 21 0.0435  1478 22 0.0348  1478 23 0.0348  1478 24 0.0261  1478 25 0.0261  1478 26 0.0348  1478 27 0.0435  1478 28 0.0522  1478 29 0.0609  1478 30 0.0696  1478 31 0.0609  1478 32 0.0522  1478 33 0.0522  1478 34 0.0522  1478 35 0.0609  1478 36 0.087  1478 37 0.0957  1478 38 0.1044  1478 39 0.1044  1478 40 0.0957  1478 41 0.1044  1478 42 0.1131  1478 43 0.1392  1478 44 0.1653  1478 45 0.1827  1478 46 0.174  1478 47 0.1566  1478 48 0.1218  1478 49 0.0957  1478 50 0.087  1478 51 0.087  1478 52 0.1044  1478 53 0.1044  1478 54 0.1044  1478 55 0.087  1478 56 0.0696  1478 57 0.0522  1478 58 0.0522  1478 59 0.0522  1478 60 0.0696  1478 61 0.0696  1478 62 0.0696  1478 63 0.0609  1478 64 0.0348  1478 65 0.0261  1478 66 0.0261  1478 67 0.0261  1478 68 0.0348  1478 69 0.0435  1478 70 0.0348  1478 71 0.0261  1478 72 0.0087  1478 73 0  1478 74 0  1478 75 0.0174  1478 76 0.0348  1478 77 0.0522  1478 78 0.0522  1478 79 0.0522  1478 80 0.0435  1478 81 0.0435  1478 82 0.0348  1478 83 0.0348  1478 84 0.0348  1478 85 0.0435  1478 86 0.0435  1478 87 0.0435  1478 88 0.0435  1478 89 0.0609  1478 90 0.087  1478 91 0.1218  1478 92 0.174  1478 93 0.2088  1478 94 0.2175  1478 95 0.2175  

5349 0 0  5349 1 0  5349 2 0  5349 3 0  5349 4 0  5349 5 0  5349 6 0  5349 7 0  5349 8 0  5349 9 0  5349 10 0  5349 11 0  5349 12 0  5349 13 0  5349 14 0  5349 15 0  5349 16 0  5349 17 0  5349 18 0  5349 19 0  5349 20 0  5349 21 0  5349 22 0  5349 23 0  5349 24 0  5349 25 0  5349 26 0  5349 27 0  5349 28 0  5349 29 0  5349 30 0  5349 31 0  5349 32 0  5349 33 0  5349 34 0  5349 35 0  5349 36 0  5349 37 0  5349 38 0  5349 39 0  5349 40 0  5349 41 0  5349 42 0  5349 43 0  5349 44 0  5349 45 0  5349 46 0  5349 47 0  5349 48 0  5349 49 0  5349 50 0  5349 51 0  5349 52 0  5349 53 0  5349 54 0  5349 55 0  5349 56 0  5349 57 0  5349 58 0  5349 59 0  5349 60 0  5349 61 0  5349 62 0  5349 63 0  5349 64 0  5349 65 0  5349 66 0  5349 67 0  5349 68 0  5349 69 0  5349 70 0  5349 71 0  5349 72 0  5349 73 0  5349 74 0  5349 75 0  5349 76 0  5349 77 0  5349 78 0  5349 79 0  5349 80 0  5349 81 0  5349 82 0  5349 83 0  5349 84 0  5349 85 0  5349 86 0  5349 87 0  5349 88 0  5349 89 0  5349 90 0  5349 91 0  5349 92 0  5349 93 0  5349 94 0  5349 95 0  
;

param t := 
349 1299 0.153222  
349 344 0.0106104  
349 1398 0.315899  
349 2205 0.400995  
349 547 0.266972  
349 2189 0.288976  
349 555 0.22386  
349 1983 0.0824229  
349 2017 0.221109  
349 1632 0.492036  
349 116 0.271572  
349 1053 0.270773  
349 1992 0.233551  
349 1395 0.307683  
349 1622 0.438056  
349 919 0.221146  
349 2054 0.360511  
349 517 0.257868  
349 25 0.217269  
349 2026 0.277129  
349 1407 0.334601  
349 502 0.283126  
349 215 0.349097  
349 1478 0.337915  
1299 5349 0.169253  
1299 344 0.179864  
1299 1398 0.18108  
1299 2205 0.514037  
1299 547 0.280823  
1299 2189 0.389095  
1299 555 0.237988  
1299 1983 0.180752  
1299 2017 0.149009  
1299 1632 0.358923  
1299 116 0.387443  
1299 1053 0.197983  
1299 1992 0.24768  
1299 1395 0.171521  
1299 1622 0.294512  
1299 919 0.149046  
1299 2054 0.36837  
1299 517 0.283319  
1299 25 0.374531  
1299 2026 0.267289  
1299 1407 0.195567  
1299 502 0.316225  
1299 215 0.362949  
1299 1478 0.199721  
344 5349 0.0110998  
344 1299 0.164322  
344 1398 0.326304  
344 2205 0.393131  
344 547 0.257298  
344 2189 0.278506  
344 555 0.213065  
344 1983 0.0716283  
344 2017 0.232209  
344 1632 0.502281  
344 116 0.260735  
344 1053 0.282254  
344 1992 0.222757  
344 1395 0.318089  
344 1622 0.448461  
344 919 0.232246  
344 2054 0.349577  
344 517 0.247243  
344 25 0.206659  
344 2026 0.264369  
344 1407 0.345006  
344 502 0.271968  
344 215 0.338139  
344 1478 0.348321  
1398 5349 0.416601  
1398 1299 0.248368  
1398 344 0.428018  
1398 2205 0.612115  
1398 547 0.317571  
1398 2189 0.50211  
1398 555 0.292825  
1398 1983 0.420964  
1398 2017 0.248036  
1398 1632 0.172406  
1398 116 0.535694  
1398 1053 0.213302  
1398 1992 0.30691  
1398 1395 0.0158087  
1398 1622 0.153867  
1398 919 0.248073  
1398 2054 0.29698  
1398 517 0.331419  
1398 25 0.595133  
1398 2026 0.247255  
1398 1407 0.0597939  
1398 502 0.359598  
1398 215 0.366374  
1398 1478 0.0898095  
2205 5349 0.4092  
2205 1299 0.538458  
2205 344 0.398141  
2205 1398 0.502061  
2205 547 0.264279  
2205 2189 0.187233  
2205 555 0.335894  
2205 1983 0.422746  
2205 2017 0.43039  
2205 1632 0.541734  
2205 116 0.193636  
2205 1053 0.359818  
2205 1992 0.321359  
2205 1395 0.493904  
2205 1622 0.469754  
2205 919 0.430427  
2205 2054 0.284587  
2205 517 0.287295  
2205 25 0.290569  
2205 2026 0.357827  
2205 1407 0.527436  
2205 502 0.282246  
2205 215 0.162405  
2205 1478 0.535336  
547 5349 0.27902  
547 1299 0.302221  
547 344 0.267962  
547 1398 0.290703  
547 2205 0.3287  
547 2189 0.223598  
547 555 0.0541787  
547 1983 0.216421  
547 2017 0.169682  
547 1632 0.339696  
547 116 0.253372  
547 1053 0.144086  
547 1992 0.0671261  
547 1395 0.282488  
547 1622 0.270983  
547 919 0.169719  
547 2054 0.145988  
547 517 0.0799276  
547 25 0.357591  
547 2026 0.0727286  
547 1407 0.314936  
547 502 0.0704918  
547 215 0.133572  
547 1478 0.325456  
2189 5349 0.283476  
2189 1299 0.411865  
2189 344 0.272418  
2189 1398 0.451073  
2189 2205 0.170692  
2189 547 0.205204  
2189 555 0.202927  
2189 1983 0.299198  
2189 2017 0.300166  
2189 1632 0.493806  
2189 116 0.0298566  
2189 1053 0.286439  
2189 1992 0.194084  
2189 1395 0.442857  
2189 1622 0.425093  
2189 919 0.300203  
2189 2054 0.249566  
2189 517 0.156614  
2189 25 0.170283  
2189 2026 0.218727  
2189 1407 0.476648  
2189 502 0.149484  
2189 215 0.215038  
2189 1478 0.484051  
555 5349 0.265102  
555 1299 0.284297  
555 344 0.254043  
555 1398 0.298065  
555 2205 0.326222  
555 547 0.073124  
555 2189 0.220923  
555 1983 0.201763  
555 2017 0.147187  
555 1632 0.357837  
555 116 0.250761  
555 1053 0.104278  
555 1992 0.0129473  
555 1395 0.289849  
555 1622 0.289125  
555 919 0.147224  
555 2054 0.173773  
555 517 0.0464374  
555 25 0.315748  
555 2026 0.0802191  
555 1407 0.322859  
555 502 0.0804776  
555 215 0.160787  
555 1478 0.335772  
1983 5349 0.0826744  
1983 1299 0.151902  
1983 344 0.0715746  
1983 1398 0.314672  
1983 2205 0.399409  
1983 547 0.206581  
1983 2189 0.27372  
1983 555 0.163126  
1983 2017 0.192429  
1983 1632 0.49081  
1983 116 0.271828  
1983 1053 0.239585  
1983 1992 0.172817  
1983 1395 0.306457  
1983 1622 0.418961  
1983 919 0.192466  
1983 2054 0.302769  
1983 517 0.197373  
1983 25 0.253789  
1983 2026 0.213007  
1983 1407 0.333374  
1983 502 0.22404  
1983 215 0.290404  
1983 1478 0.336689  
2017 5349 0.216573  
2017 1299 0.152575  
2017 344 0.227184  
2017 1398 0.243538  
2017 2205 0.416768  
2017 547 0.173745  
2017 2189 0.314367  
2017 555 0.13029  
2017 1983 0.192863  
2017 1632 0.35095  
2017 116 0.314292  
2017 1053 0.0489735  
2017 1992 0.139981  
2017 1395 0.233978  
2017 1622 0.282237  
2017 919 3.68477e-05  
2017 2054 0.220876  
2017 517 0.173471  
2017 25 0.36664  
2017 2026 0.116889  
2017 1407 0.258517  
2017 502 0.207512  
2017 215 0.263753  
2017 1478 0.260262  
1632 5349 0.584108  
1632 1299 0.422476  
1632 344 0.594317  
1632 1398 0.179734  
1632 2205 0.778114  
1632 547 0.42983  
1632 2189 0.631795  
1632 555 0.439537  
1632 1983 0.581003  
1632 2017 0.428229  
1632 116 0.660511  
1632 1053 0.396247  
1632 1992 0.453621  
1632 1395 0.195542  
1632 1622 0.09347  
1632 919 0.428266  
1632 2054 0.385162  
1632 517 0.47529  
1632 25 0.750612  
1632 2026 0.363746  
1632 1407 0.230483  
1632 502 0.48858  
1632 215 0.502079  
1632 1478 0.221471  
116 5349 0.257179  
116 1299 0.406241  
116 344 0.246106  
116 1398 0.479833  
116 2205 0.182869  
116 547 0.232816  
116 2189 0.0276114  
116 555 0.230539  
116 1983 0.293574  
116 2017 0.321571  
116 1632 0.524391  
116 1053 0.314043  
116 1992 0.221696  
116 1395 0.471617  
116 1622 0.455015  
116 919 0.321608  
116 2054 0.275146  
116 517 0.184226  
116 25 0.140427  
116 2026 0.246339  
116 1407 0.505535  
116 502 0.177096  
116 215 0.236324  
116 1478 0.512337  
1053 5349 0.262609  
1053 1299 0.199415  
1053 344 0.274026  
1053 1398 0.227172  
1053 2205 0.420805  
1053 547 0.15055  
1053 2189 0.320263  
1053 555 0.11401  
1053 1983 0.239704  
1053 2017 0.0468403  
1053 1632 0.301665  
1053 116 0.349398  
1053 1992 0.113035  
1053 1395 0.217612  
1053 1622 0.231178  
1053 919 0.0468772  
1053 2054 0.171902  
1053 517 0.146525  
1053 25 0.412069  
1053 2026 0.0679157  
1053 1407 0.246384  
1053 502 0.178146  
1053 215 0.215534  
1053 1478 0.250453  
1992 5349 0.275146  
1992 1299 0.295908  
1992 344 0.264088  
1992 1398 0.304268  
1992 2205 0.31423  
1992 547 0.0846754  
1992 2189 0.207975  
1992 555 0.0366296  
1992 1983 0.212634  
1992 2017 0.154492  
1992 1632 0.36401  
1992 116 0.237832  
1992 1053 0.111582  
1992 1395 0.296052  
1992 1622 0.295298  
1992 919 0.154529  
1992 2054 0.185324  
1992 517 0.03349  
1992 25 0.304058  
1992 2026 0.0864559  
1992 1407 0.329804  
1992 502 0.0675303  
1992 215 0.172338  
1992 1478 0.337317  
1395 5349 0.399627  
1395 1299 0.233379  
1395 344 0.411044  
1395 1398 0.0103791  
1395 2205 0.598589  
1395 547 0.301592  
1395 2189 0.489482  
1395 555 0.278052  
1395 1983 0.40399  
1395 2017 0.233047  
1395 1632 0.182785  
1395 116 0.522364  
1395 1053 0.198313  
1395 1992 0.292137  
1395 1622 0.164246  
1395 919 0.233084  
1395 2054 0.307565  
1395 517 0.316646  
1395 25 0.579465  
1395 2026 0.235216  
1395 1407 0.0439852  
1395 502 0.347162  
1395 215 0.354516  
1395 1478 0.0740008  
1622 5349 0.553086  
1622 1299 0.388678  
1622 344 0.563295  
1622 1398 0.146306  
1622 2205 0.68878  
1622 547 0.344293  
1622 2189 0.534689  
1622 555 0.362332  
1622 1983 0.55083  
1622 2017 0.360624  
1622 1632 0.0916623  
1622 116 0.568274  
1622 1053 0.313396  
1622 1992 0.376416  
1622 1395 0.162115  
1622 919 0.36066  
1622 2054 0.300022  
1622 517 0.398085  
1622 25 0.669272  
1622 2026 0.286541  
1622 1407 0.2061  
1622 502 0.394358  
1622 215 0.416881  
1622 1478 0.207073  
919 5349 0.216536  
919 1299 0.151669  
919 344 0.227147  
919 1398 0.242632  
919 2205 0.416737  
919 547 0.174535  
919 2189 0.314322  
919 555 0.13108  
919 1983 0.192826  
919 2017 0.0144411  
919 1632 0.358296  
919 116 0.314255  
919 1053 0.057792  
919 1992 0.140771  
919 1395 0.233073  
919 1622 0.289584  
919 2054 0.229694  
919 517 0.174261  
919 25 0.366604  
919 2026 0.125708  
919 1407 0.257447  
919 502 0.206689  
919 215 0.272113  
919 1478 0.259499  
2054 5349 0.440999  
2054 1299 0.394457  
2054 344 0.38244  
2054 1398 0.264103  
2054 2205 0.403362  
2054 547 0.139087  
2054 2189 0.269356  
2054 555 0.167273  
2054 1983 0.329036  
2054 2017 0.235137  
2054 1632 0.319307  
2054 116 0.298491  
2054 1053 0.187916  
2054 1992 0.180221  
2054 1395 0.273885  
2054 1622 0.249241  
2054 919 0.235173  
2054 517 0.19477  
2054 25 0.402291  
2054 2026 0.135701  
2054 1407 0.313681  
2054 502 0.176147  
2054 215 0.119061  
2054 1478 0.326891  
517 5349 0.234218  
517 1299 0.314215  
517 344 0.223118  
517 1398 0.317927  
517 2205 0.282144  
517 547 0.101694  
517 2189 0.174485  
517 555 0.0685984  
517 1983 0.233777  
517 2017 0.184206  
517 1632 0.377947  
517 116 0.204342  
517 1053 0.152151  
517 1992 0.0405687  
517 1395 0.309712  
517 1622 0.309234  
517 919 0.184243  
517 2054 0.202342  
517 25 0.282741  
517 2026 0.100179  
517 1407 0.343502  
517 502 0.0340403  
517 215 0.177337  
517 1478 0.350905  
25 5349 0.220068  
25 1299 0.395975  
25 344 0.208968  
25 1398 0.560566  
25 2205 0.274949  
25 547 0.360413  
25 2189 0.164867  
25 555 0.323055  
25 1983 0.253308  
25 2017 0.376292  
25 1632 0.663849  
25 116 0.137256  
25 1053 0.377913  
25 1992 0.296804  
25 1395 0.552588  
25 1622 0.585669  
25 919 0.376329  
25 2054 0.410647  
25 517 0.293297  
25 2026 0.377948  
25 1407 0.579136  
25 502 0.315194  
25 215 0.375094  
25 1478 0.581157  
2026 5349 0.324507  
2026 1299 0.276538  
2026 344 0.290962  
2026 1398 0.221938  
2026 2205 0.358401  
2026 547 0.0849246  
2026 2189 0.254786  
2026 555 0.0778538  
2026 1983 0.260636  
2026 2017 0.118578  
2026 1632 0.283548  
2026 116 0.283921  
2026 1053 0.0713572  
2026 1992 0.0908011  
2026 1395 0.212379  
2026 1622 0.208285  
2026 919 0.118614  
2026 2054 0.141403  
2026 517 0.109128  
2026 25 0.385193  
2026 1407 0.246134  
2026 502 0.113841  
2026 215 0.166446  
2026 1478 0.25875  
1407 5349 0.423975  
1407 1299 0.256893  
1407 344 0.435391  
1407 1398 0.0498732  
1407 2205 0.61884  
1407 547 0.342927  
1407 2189 0.51253  
1407 555 0.304854  
1407 1983 0.428337  
1407 2017 0.260644  
1407 1632 0.206446  
1407 116 0.546114  
1407 1053 0.225691  
1407 1992 0.318939  
1407 1395 0.0394941  
1407 1622 0.19363  
1407 919 0.260681  
1407 2054 0.352913  
1407 517 0.343448  
1407 25 0.607947  
1407 2026 0.257436  
1407 502 0.369285  
1407 215 0.391048  
1407 1478 0.0300156  
502 5349 0.263897  
502 1299 0.323623  
502 344 0.252838  
502 1398 0.314041  
502 2205 0.269229  
502 547 0.0848562  
502 2189 0.161133  
502 555 0.0801009  
502 1983 0.242343  
502 2017 0.195604  
502 1632 0.373539  
502 116 0.190989  
502 1053 0.164354  
502 1992 0.0712581  
502 1395 0.305826  
502 1622 0.304827  
502 919 0.195641  
502 2054 0.177699  
502 517 0.0337878  
502 25 0.310178  
502 2026 0.0959009  
502 1407 0.339616  
502 215 0.151585  
502 1478 0.347019  
215 5349 0.331991  
215 1299 0.406961  
215 344 0.320932  
215 1398 0.326458  
215 2205 0.265165  
215 547 0.101342  
215 2189 0.215421  
215 555 0.129529  
215 1983 0.289347  
215 2017 0.250019  
215 1632 0.380936  
215 116 0.24664  
215 1053 0.2028  
215 1992 0.142476  
215 1395 0.318243  
215 1622 0.312223  
215 919 0.250056  
215 2054 0.124481  
215 517 0.160075  
215 25 0.379406  
215 2026 0.150585  
215 1407 0.352034  
215 502 0.164638  
215 1478 0.359436  
1478 5349 0.420752  
1478 1299 0.251955  
1478 344 0.432169  
1478 1398 0.0799196  
1478 2205 0.641146  
1478 547 0.357335  
1478 2189 0.526307  
1478 555 0.31996  
1478 1983 0.425115  
1478 2017 0.27368  
1478 1632 0.231102  
1478 116 0.554489  
1478 1053 0.239559  
1478 1992 0.334045  
1478 1395 0.0695404  
1478 1622 0.218286  
1478 919 0.273717  
1478 2054 0.368386  
1478 517 0.358554  
1478 25 0.621625  
1478 2026 0.272872  
1478 1407 0.0300463  
1478 502 0.38241  
1478 215 0.40563  
;

