param o := 2090 ;
param s := 7090 ;

set R := 131 744 339 1995 1073 697 1372 1381 1603 301 1871 1588 1377 67 775 362 1489 53 1442 939 1662 2180 2053 245 ;
set M := 0 1 2 3 4 5 6 7 8 9 10 11 12 13 14 15 16 17 18 19 20 21 22 23 24 25 26 27 28 29 30 31 32 33 34 35 36 37 38 39 40 41 42 43 44 45 46 47 48 49 50 51 52 53 54 55 56 57 58 59 60 61 62 63 64 65 66 67 68 69 70 71 72 73 74 75 76 77 78 79 80 81 82 83 84 85 86 87 88 89 90 91 92 93 94 95 ;
param TTI := 
0 0
1 0.25
2 0.5
3 0.75
4 1
5 1.25
6 1.5
7 1.75
8 2
9 2.25
10 2.5
11 2.75
12 3
13 3.25
14 3.5
15 3.75
16 4
17 4.25
18 4.5
19 4.75
20 5
21 5.25
22 5.5
23 5.75
24 6
25 6.25
26 6.5
27 6.75
28 7
29 7.25
30 7.5
31 7.75
32 8
33 8.25
34 8.5
35 8.75
36 9
37 9.25
38 9.5
39 9.75
40 10
41 10.25
42 10.5
43 10.75
44 11
45 11.25
46 11.5
47 11.75
48 12
49 12.25
50 12.5
51 12.75
52 13
53 13.25
54 13.5
55 13.75
56 14
57 14.25
58 14.5
59 14.75
60 15
61 15.25
62 15.5
63 15.75
64 16
65 16.25
66 16.5
67 16.75
68 17
69 17.25
70 17.5
71 17.75
72 18
73 18.25
74 18.5
75 18.75
76 19
77 19.25
78 19.5
79 19.75
80 20
81 20.25
82 20.5
83 20.75
84 21
85 21.25
86 21.5
87 21.75
88 22
89 22.25
90 22.5
91 22.75
92 23
93 23.25
94 23.5
95 23.75
;

param TTF := 
0 0.25
1 0.5
2 0.75
3 1
4 1.25
5 1.5
6 1.75
7 2
8 2.25
9 2.5
10 2.75
11 3
12 3.25
13 3.5
14 3.75
15 4
16 4.25
17 4.5
18 4.75
19 5
20 5.25
21 5.5
22 5.75
23 6
24 6.25
25 6.5
26 6.75
27 7
28 7.25
29 7.5
30 7.75
31 8
32 8.25
33 8.5
34 8.75
35 9
36 9.25
37 9.5
38 9.75
39 10
40 10.25
41 10.5
42 10.75
43 11
44 11.25
45 11.5
46 11.75
47 12
48 12.25
49 12.5
50 12.75
51 13
52 13.25
53 13.5
54 13.75
55 14
56 14.25
57 14.5
58 14.75
59 15
60 15.25
61 15.5
62 15.75
63 16
64 16.25
65 16.5
66 16.75
67 17
68 17.25
69 17.5
70 17.75
71 18
72 18.25
73 18.5
74 18.75
75 19
76 19.25
77 19.5
78 19.75
79 20
80 20.25
81 20.5
82 20.75
83 21
84 21.25
85 21.5
86 21.75
87 22
88 22.25
89 22.5
90 22.75
91 23
92 23.25
93 23.5
94 23.75
95 24
;

param tf := 
2090 0 0.049  2090 1 0.049  2090 2 0.049  2090 3 0.049  2090 4 0.049  2090 5 0.049  2090 6 0.0441  2090 7 0.0441  2090 8 0.0392  2090 9 0.0343  2090 10 0.0294  2090 11 0.0294  2090 12 0.0343  2090 13 0.0343  2090 14 0.0294  2090 15 0.0196  2090 16 0.0147  2090 17 0.0098  2090 18 0.0147  2090 19 0.0245  2090 20 0.0392  2090 21 0.0539  2090 22 0.0588  2090 23 0.0539  2090 24 0.049  2090 25 0.0441  2090 26 0.0343  2090 27 0.0294  2090 28 0.0245  2090 29 0.0196  2090 30 0.0147  2090 31 0.0098  2090 32 0  2090 33 0  2090 34 0  2090 35 0.0098  2090 36 0.0196  2090 37 0.0294  2090 38 0.0343  2090 39 0.0343  2090 40 0.0294  2090 41 0.0294  2090 42 0.0294  2090 43 0.0343  2090 44 0.0392  2090 45 0.0441  2090 46 0.0441  2090 47 0.0441  2090 48 0.0441  2090 49 0.049  2090 50 0.0588  2090 51 0.0784  2090 52 0.1029  2090 53 0.1176  2090 54 0.1225  2090 55 0.1176  2090 56 0.1029  2090 57 0.0931  2090 58 0.0833  2090 59 0.0784  2090 60 0.0735  2090 61 0.0686  2090 62 0.0588  2090 63 0.0392  2090 64 0.0196  2090 65 0.0098  2090 66 0  2090 67 0.0049  2090 68 0.0098  2090 69 0.0147  2090 70 0.0196  2090 71 0.0196  2090 72 0.0147  2090 73 0.0147  2090 74 0.0196  2090 75 0.0294  2090 76 0.0392  2090 77 0.0539  2090 78 0.0686  2090 79 0.0784  2090 80 0.0882  2090 81 0.0931  2090 82 0.098  2090 83 0.098  2090 84 0.0931  2090 85 0.0931  2090 86 0.0833  2090 87 0.0735  2090 88 0.0637  2090 89 0.0588  2090 90 0.0588  2090 91 0.0637  2090 92 0.0735  2090 93 0.0784  2090 94 0.0784  2090 95 0.0735  
131 0 0.2232  131 1 0.2139  131 2 0.2139  131 3 0.2046  131 4 0.1953  131 5 0.1953  131 6 0.2139  131 7 0.2604  131 8 0.3069  131 9 0.3348  131 10 0.3348  131 11 0.3069  131 12 0.2418  131 13 0.2139  131 14 0.1953  131 15 0.2046  131 16 0.2325  131 17 0.2697  131 18 0.2976  131 19 0.3348  131 20 0.3627  131 21 0.3906  131 22 0.4278  131 23 0.465  131 24 0.5022  131 25 0.5208  131 26 0.5301  131 27 0.5301  131 28 0.5208  131 29 0.5022  131 30 0.4929  131 31 0.4836  131 32 0.4743  131 33 0.4557  131 34 0.4185  131 35 0.372  131 36 0.3069  131 37 0.2697  131 38 0.2604  131 39 0.2604  131 40 0.2883  131 41 0.3069  131 42 0.3069  131 43 0.3069  131 44 0.2976  131 45 0.2976  131 46 0.3162  131 47 0.3627  131 48 0.4278  131 49 0.4557  131 50 0.4743  131 51 0.4557  131 52 0.4278  131 53 0.3906  131 54 0.3534  131 55 0.3162  131 56 0.2883  131 57 0.2511  131 58 0.2139  131 59 0.1674  131 60 0.1302  131 61 0.1116  131 62 0.1302  131 63 0.1674  131 64 0.2418  131 65 0.2976  131 66 0.3348  131 67 0.3534  131 68 0.3534  131 69 0.372  131 70 0.3906  131 71 0.4092  131 72 0.4464  131 73 0.465  131 74 0.4743  131 75 0.4836  131 76 0.4743  131 77 0.4743  131 78 0.4836  131 79 0.4836  131 80 0.4929  131 81 0.4836  131 82 0.4464  131 83 0.3813  131 84 0.2976  131 85 0.2418  131 86 0.2046  131 87 0.2046  131 88 0.2139  131 89 0.2139  131 90 0.1767  131 91 0.1209  131 92 0.0465  131 93 0  131 94 0  131 95 0.0372  
744 0 0.0432  744 1 0.048  744 2 0.0528  744 3 0.0576  744 4 0.0672  744 5 0.072  744 6 0.0816  744 7 0.0864  744 8 0.0864  744 9 0.096  744 10 0.1008  744 11 0.1152  744 12 0.1296  744 13 0.1344  744 14 0.1248  744 15 0.1104  744 16 0.0864  744 17 0.0768  744 18 0.0768  744 19 0.096  744 20 0.1248  744 21 0.144  744 22 0.1488  744 23 0.1392  744 24 0.12  744 25 0.1008  744 26 0.0864  744 27 0.072  744 28 0.0624  744 29 0.048  744 30 0.0384  744 31 0.024  744 32 0.0048  744 33 0  744 34 0.0048  744 35 0.0192  744 36 0.0384  744 37 0.0624  744 38 0.072  744 39 0.0864  744 40 0.096  744 41 0.1008  744 42 0.1104  744 43 0.12  744 44 0.1344  744 45 0.1344  744 46 0.1248  744 47 0.1056  744 48 0.072  744 49 0.048  744 50 0.0384  744 51 0.0288  744 52 0.0288  744 53 0.0288  744 54 0.024  744 55 0.0192  744 56 0.0096  744 57 0.0048  744 58 0.0096  744 59 0.0144  744 60 0.0288  744 61 0.0432  744 62 0.0528  744 63 0.0624  744 64 0.072  744 65 0.0864  744 66 0.1008  744 67 0.12  744 68 0.1392  744 69 0.1536  744 70 0.1632  744 71 0.168  744 72 0.168  744 73 0.168  744 74 0.1584  744 75 0.1536  744 76 0.1392  744 77 0.1248  744 78 0.1056  744 79 0.0816  744 80 0.0528  744 81 0.0384  744 82 0.0384  744 83 0.048  744 84 0.0768  744 85 0.1008  744 86 0.1248  744 87 0.144  744 88 0.1632  744 89 0.1776  744 90 0.1872  744 91 0.1968  744 92 0.2016  744 93 0.192  744 94 0.1728  744 95 0.144  
339 0 0.0456  339 1 0.0456  339 2 0.0432  339 3 0.0408  339 4 0.0384  339 5 0.0384  339 6 0.0384  339 7 0.0408  339 8 0.0456  339 9 0.048  339 10 0.048  339 11 0.048  339 12 0.0456  339 13 0.0456  339 14 0.0432  339 15 0.0408  339 16 0.0408  339 17 0.0408  339 18 0.0384  339 19 0.036  339 20 0.0312  339 21 0.0288  339 22 0.0264  339 23 0.024  339 24 0.0216  339 25 0.0192  339 26 0.0144  339 27 0.0096  339 28 0.0024  339 29 0  339 30 0  339 31 0.0048  339 32 0.0096  339 33 0.0144  339 34 0.0192  339 35 0.0192  339 36 0.0192  339 37 0.0216  339 38 0.0264  339 39 0.0312  339 40 0.0408  339 41 0.048  339 42 0.0504  339 43 0.0504  339 44 0.048  339 45 0.0456  339 46 0.0456  339 47 0.0456  339 48 0.0456  339 49 0.0456  339 50 0.0456  339 51 0.0432  339 52 0.0408  339 53 0.036  339 54 0.036  339 55 0.0336  339 56 0.0336  339 57 0.0312  339 58 0.0288  339 59 0.0264  339 60 0.024  339 61 0.024  339 62 0.0264  339 63 0.0312  339 64 0.0384  339 65 0.0456  339 66 0.048  339 67 0.0504  339 68 0.0504  339 69 0.0504  339 70 0.0504  339 71 0.0528  339 72 0.0528  339 73 0.0528  339 74 0.0504  339 75 0.0456  339 76 0.0408  339 77 0.036  339 78 0.0336  339 79 0.0312  339 80 0.0312  339 81 0.0312  339 82 0.0312  339 83 0.0288  339 84 0.0288  339 85 0.0288  339 86 0.0312  339 87 0.0336  339 88 0.0408  339 89 0.0456  339 90 0.0456  339 91 0.0456  339 92 0.0432  339 93 0.0432  339 94 0.0432  339 95 0.0432  
1995 0 0.035  1995 1 0.042  1995 2 0.049  1995 3 0.056  1995 4 0.07  1995 5 0.077  1995 6 0.07  1995 7 0.056  1995 8 0.042  1995 9 0.028  1995 10 0.021  1995 11 0.021  1995 12 0.035  1995 13 0.042  1995 14 0.049  1995 15 0.056  1995 16 0.056  1995 17 0.07  1995 18 0.077  1995 19 0.091  1995 20 0.105  1995 21 0.126  1995 22 0.14  1995 23 0.147  1995 24 0.161  1995 25 0.175  1995 26 0.196  1995 27 0.224  1995 28 0.252  1995 29 0.266  1995 30 0.266  1995 31 0.252  1995 32 0.217  1995 33 0.189  1995 34 0.175  1995 35 0.168  1995 36 0.175  1995 37 0.161  1995 38 0.14  1995 39 0.105  1995 40 0.056  1995 41 0.028  1995 42 0.014  1995 43 0.014  1995 44 0.028  1995 45 0.035  1995 46 0.042  1995 47 0.042  1995 48 0.035  1995 49 0.035  1995 50 0.035  1995 51 0.049  1995 52 0.063  1995 53 0.077  1995 54 0.091  1995 55 0.098  1995 56 0.105  1995 57 0.112  1995 58 0.119  1995 59 0.126  1995 60 0.14  1995 61 0.147  1995 62 0.133  1995 63 0.105  1995 64 0.07  1995 65 0.042  1995 66 0.021  1995 67 0.014  1995 68 0.014  1995 69 0.014  1995 70 0.007  1995 71 0.007  1995 72 0  1995 73 0  1995 74 0.014  1995 75 0.035  1995 76 0.063  1995 77 0.084  1995 78 0.098  1995 79 0.105  1995 80 0.105  1995 81 0.105  1995 82 0.112  1995 83 0.119  1995 84 0.126  1995 85 0.126  1995 86 0.112  1995 87 0.091  1995 88 0.063  1995 89 0.042  1995 90 0.035  1995 91 0.035  1995 92 0.049  1995 93 0.049  1995 94 0.056  1995 95 0.049  
1073 0 0.0528  1073 1 0.0528  1073 2 0.0528  1073 3 0.0528  1073 4 0.0528  1073 5 0.0528  1073 6 0.0462  1073 7 0.0396  1073 8 0.0396  1073 9 0.033  1073 10 0.033  1073 11 0.033  1073 12 0.033  1073 13 0.033  1073 14 0.0264  1073 15 0.0198  1073 16 0.0132  1073 17 0.0132  1073 18 0.0132  1073 19 0.0264  1073 20 0.0396  1073 21 0.0528  1073 22 0.0594  1073 23 0.0528  1073 24 0.0528  1073 25 0.0396  1073 26 0.033  1073 27 0.033  1073 28 0.0264  1073 29 0.0198  1073 30 0.0132  1073 31 0.0066  1073 32 0  1073 33 0  1073 34 0  1073 35 0.0066  1073 36 0.0198  1073 37 0.033  1073 38 0.033  1073 39 0.033  1073 40 0.033  1073 41 0.033  1073 42 0.033  1073 43 0.033  1073 44 0.0396  1073 45 0.0396  1073 46 0.0462  1073 47 0.0462  1073 48 0.0396  1073 49 0.0462  1073 50 0.0594  1073 51 0.0792  1073 52 0.099  1073 53 0.1188  1073 54 0.1188  1073 55 0.1188  1073 56 0.1056  1073 57 0.0924  1073 58 0.0858  1073 59 0.0792  1073 60 0.0726  1073 61 0.066  1073 62 0.0594  1073 63 0.0396  1073 64 0.0198  1073 65 0.0066  1073 66 0  1073 67 0.0066  1073 68 0.0132  1073 69 0.0198  1073 70 0.0198  1073 71 0.0198  1073 72 0.0132  1073 73 0.0132  1073 74 0.0198  1073 75 0.0264  1073 76 0.0396  1073 77 0.0528  1073 78 0.066  1073 79 0.0792  1073 80 0.0858  1073 81 0.0924  1073 82 0.099  1073 83 0.099  1073 84 0.0924  1073 85 0.0924  1073 86 0.0858  1073 87 0.0792  1073 88 0.066  1073 89 0.0594  1073 90 0.0594  1073 91 0.066  1073 92 0.0726  1073 93 0.0792  1073 94 0.0792  1073 95 0.0726  
697 0 0.0062  697 1 0.0093  697 2 0.0124  697 3 0.0124  697 4 0.0186  697 5 0.0217  697 6 0.0217  697 7 0.0248  697 8 0.0279  697 9 0.0279  697 10 0.031  697 11 0.031  697 12 0.0341  697 13 0.0372  697 14 0.0372  697 15 0.0372  697 16 0.0372  697 17 0.0403  697 18 0.0434  697 19 0.0465  697 20 0.0558  697 21 0.0589  697 22 0.0589  697 23 0.0558  697 24 0.0496  697 25 0.0465  697 26 0.0465  697 27 0.0465  697 28 0.0527  697 29 0.0527  697 30 0.0558  697 31 0.0527  697 32 0.0496  697 33 0.0465  697 34 0.0465  697 35 0.0434  697 36 0.0434  697 37 0.0403  697 38 0.0372  697 39 0.0341  697 40 0.031  697 41 0.0279  697 42 0.0248  697 43 0.0248  697 44 0.0248  697 45 0.0217  697 46 0.0217  697 47 0.0186  697 48 0.0124  697 49 0.0124  697 50 0.0155  697 51 0.0186  697 52 0.0279  697 53 0.031  697 54 0.0341  697 55 0.0341  697 56 0.0341  697 57 0.031  697 58 0.0341  697 59 0.0341  697 60 0.0403  697 61 0.0403  697 62 0.0403  697 63 0.0403  697 64 0.0372  697 65 0.0341  697 66 0.0341  697 67 0.0341  697 68 0.0341  697 69 0.031  697 70 0.0279  697 71 0.0217  697 72 0.0124  697 73 0.0031  697 74 0  697 75 0  697 76 0.0031  697 77 0.0031  697 78 0.0031  697 79 0.0031  697 80 0.0031  697 81 0  697 82 0  697 83 0.0031  697 84 0.0031  697 85 0.0062  697 86 0.0062  697 87 0.0062  697 88 0.0093  697 89 0.0093  697 90 0.0124  697 91 0.0155  697 92 0.0186  697 93 0.0186  697 94 0.0186  697 95 0.0155  
1372 0 0.108  1372 1 0.099  1372 2 0.099  1372 3 0.099  1372 4 0.09  1372 5 0.081  1372 6 0.081  1372 7 0.072  1372 8 0.072  1372 9 0.072  1372 10 0.063  1372 11 0.054  1372 12 0.045  1372 13 0.045  1372 14 0.045  1372 15 0.063  1372 16 0.072  1372 17 0.081  1372 18 0.081  1372 19 0.072  1372 20 0.045  1372 21 0.036  1372 22 0.036  1372 23 0.036  1372 24 0.054  1372 25 0.063  1372 26 0.072  1372 27 0.081  1372 28 0.09  1372 29 0.099  1372 30 0.108  1372 31 0.117  1372 32 0.126  1372 33 0.135  1372 34 0.126  1372 35 0.117  1372 36 0.108  1372 37 0.09  1372 38 0.081  1372 39 0.072  1372 40 0.072  1372 41 0.063  1372 42 0.054  1372 43 0.054  1372 44 0.045  1372 45 0.045  1372 46 0.054  1372 47 0.063  1372 48 0.081  1372 49 0.099  1372 50 0.108  1372 51 0.108  1372 52 0.108  1372 53 0.108  1372 54 0.117  1372 55 0.117  1372 56 0.126  1372 57 0.126  1372 58 0.126  1372 59 0.126  1372 60 0.108  1372 61 0.108  1372 62 0.099  1372 63 0.09  1372 64 0.081  1372 65 0.072  1372 66 0.063  1372 67 0.054  1372 68 0.045  1372 69 0.027  1372 70 0.027  1372 71 0.018  1372 72 0.018  1372 73 0.018  1372 74 0.027  1372 75 0.036  1372 76 0.036  1372 77 0.054  1372 78 0.063  1372 79 0.081  1372 80 0.099  1372 81 0.108  1372 82 0.108  1372 83 0.099  1372 84 0.081  1372 85 0.063  1372 86 0.054  1372 87 0.036  1372 88 0.027  1372 89 0.018  1372 90 0.009  1372 91 0  1372 92 0  1372 93 0.009  1372 94 0.018  1372 95 0.036  
1381 0 0.3465  1381 1 0.308  1381 2 0.2695  1381 3 0.2387  1381 4 0.1694  1381 5 0.1232  1381 6 0.1001  1381 7 0.1078  1381 8 0.1309  1381 9 0.1463  1381 10 0.1309  1381 11 0.0847  1381 12 0.0308  1381 13 0  1381 14 0.0077  1381 15 0.0539  1381 16 0.1309  1381 17 0.1848  1381 18 0.2156  1381 19 0.2233  1381 20 0.2002  1381 21 0.1925  1381 22 0.1925  1381 23 0.2156  1381 24 0.2387  1381 25 0.2618  1381 26 0.2695  1381 27 0.2772  1381 28 0.2772  1381 29 0.2849  1381 30 0.2926  1381 31 0.308  1381 32 0.3234  1381 33 0.3311  1381 34 0.3157  1381 35 0.2849  1381 36 0.2387  1381 37 0.2079  1381 38 0.1925  1381 39 0.1925  1381 40 0.2002  1381 41 0.2233  1381 42 0.2464  1381 43 0.2695  1381 44 0.2926  1381 45 0.3234  1381 46 0.3542  1381 47 0.385  1381 48 0.4081  1381 49 0.4312  1381 50 0.4312  1381 51 0.4158  1381 52 0.385  1381 53 0.3542  1381 54 0.3311  1381 55 0.308  1381 56 0.2849  1381 57 0.2618  1381 58 0.2387  1381 59 0.2233  1381 60 0.2002  1381 61 0.1925  1381 62 0.1925  1381 63 0.2002  1381 64 0.2156  1381 65 0.2156  1381 66 0.1925  1381 67 0.154  1381 68 0.0847  1381 69 0.0539  1381 70 0.0385  1381 71 0.0616  1381 72 0.1001  1381 73 0.1309  1381 74 0.154  1381 75 0.154  1381 76 0.1463  1381 77 0.1694  1381 78 0.2002  1381 79 0.2618  1381 80 0.3465  1381 81 0.4081  1381 82 0.4466  1381 83 0.462  1381 84 0.4543  1381 85 0.4543  1381 86 0.4466  1381 87 0.4543  1381 88 0.4543  1381 89 0.4466  1381 90 0.4312  1381 91 0.4004  1381 92 0.3619  1381 93 0.3311  1381 94 0.3157  1381 95 0.3157  
1603 0 0.128  1603 1 0.136  1603 2 0.136  1603 3 0.144  1603 4 0.152  1603 5 0.144  1603 6 0.128  1603 7 0.096  1603 8 0.056  1603 9 0.032  1603 10 0.016  1603 11 0.008  1603 12 0.016  1603 13 0.024  1603 14 0.024  1603 15 0.032  1603 16 0.032  1603 17 0.032  1603 18 0.032  1603 19 0.032  1603 20 0.032  1603 21 0.032  1603 22 0.032  1603 23 0.032  1603 24 0.024  1603 25 0.024  1603 26 0.024  1603 27 0.032  1603 28 0.048  1603 29 0.056  1603 30 0.056  1603 31 0.056  1603 32 0.048  1603 33 0.04  1603 34 0.048  1603 35 0.056  1603 36 0.072  1603 37 0.088  1603 38 0.088  1603 39 0.088  1603 40 0.088  1603 41 0.088  1603 42 0.104  1603 43 0.12  1603 44 0.144  1603 45 0.16  1603 46 0.16  1603 47 0.136  1603 48 0.104  1603 49 0.088  1603 50 0.08  1603 51 0.08  1603 52 0.088  1603 53 0.096  1603 54 0.088  1603 55 0.08  1603 56 0.064  1603 57 0.048  1603 58 0.048  1603 59 0.048  1603 60 0.056  1603 61 0.064  1603 62 0.056  1603 63 0.048  1603 64 0.032  1603 65 0.024  1603 66 0.024  1603 67 0.024  1603 68 0.032  1603 69 0.032  1603 70 0.032  1603 71 0.024  1603 72 0.008  1603 73 0  1603 74 0  1603 75 0.008  1603 76 0.032  1603 77 0.04  1603 78 0.048  1603 79 0.048  1603 80 0.04  1603 81 0.032  1603 82 0.032  1603 83 0.032  1603 84 0.032  1603 85 0.032  1603 86 0.04  1603 87 0.04  1603 88 0.04  1603 89 0.056  1603 90 0.08  1603 91 0.112  1603 92 0.16  1603 93 0.184  1603 94 0.192  1603 95 0.192  
301 0 0.1872  301 1 0.195  301 2 0.195  301 3 0.2028  301 4 0.2184  301 5 0.2106  301 6 0.195  301 7 0.1638  301 8 0.1092  301 9 0.0936  301 10 0.0936  301 11 0.1248  301 12 0.1794  301 13 0.2184  301 14 0.2418  301 15 0.2418  301 16 0.234  301 17 0.2262  301 18 0.2106  301 19 0.195  301 20 0.1794  301 21 0.156  301 22 0.1248  301 23 0.0936  301 24 0.0468  301 25 0.0234  301 26 0.0156  301 27 0.0234  301 28 0.039  301 29 0.0546  301 30 0.0468  301 31 0.039  301 32 0.0156  301 33 0.0078  301 34 0  301 35 0.0078  301 36 0.0234  301 37 0.039  301 38 0.0468  301 39 0.0468  301 40 0.0468  301 41 0.039  301 42 0.0468  301 43 0.0546  301 44 0.0624  301 45 0.078  301 46 0.0858  301 47 0.0936  301 48 0.1014  301 49 0.1248  301 50 0.1638  301 51 0.2262  301 52 0.3042  301 53 0.351  301 54 0.3666  301 55 0.3432  301 56 0.3042  301 57 0.2652  301 58 0.2418  301 59 0.234  301 60 0.234  301 61 0.2262  301 62 0.2106  301 63 0.1716  301 64 0.1248  301 65 0.1092  301 66 0.1248  301 67 0.1716  301 68 0.2418  301 69 0.2964  301 70 0.3198  301 71 0.3276  301 72 0.3042  301 73 0.2886  301 74 0.273  301 75 0.2574  301 76 0.2418  301 77 0.2262  301 78 0.2106  301 79 0.195  301 80 0.1794  301 81 0.195  301 82 0.2262  301 83 0.2964  301 84 0.3822  301 85 0.4368  301 86 0.4524  301 87 0.4212  301 88 0.3588  301 89 0.3198  301 90 0.2964  301 91 0.2964  301 92 0.3042  301 93 0.312  301 94 0.2964  301 95 0.273  
1871 0 0.2457  1871 1 0.2548  1871 2 0.2639  1871 3 0.2639  1871 4 0.273  1871 5 0.273  1871 6 0.2457  1871 7 0.2002  1871 8 0.1274  1871 9 0.091  1871 10 0.0728  1871 11 0.0819  1871 12 0.1092  1871 13 0.1365  1871 14 0.1547  1871 15 0.1547  1871 16 0.1456  1871 17 0.1456  1871 18 0.1638  1871 19 0.182  1871 20 0.2093  1871 21 0.2184  1871 22 0.2093  1871 23 0.1729  1871 24 0.1183  1871 25 0.1001  1871 26 0.1001  1871 27 0.1456  1871 28 0.2093  1871 29 0.2548  1871 30 0.2821  1871 31 0.2912  1871 32 0.273  1871 33 0.2548  1871 34 0.2366  1871 35 0.2184  1871 36 0.1911  1871 37 0.1547  1871 38 0.1183  1871 39 0.0819  1871 40 0.0273  1871 41 0.0091  1871 42 0  1871 43 0.0182  1871 44 0.0546  1871 45 0.0819  1871 46 0.091  1871 47 0.091  1871 48 0.0819  1871 49 0.091  1871 50 0.1183  1871 51 0.1729  1871 52 0.2457  1871 53 0.2912  1871 54 0.3185  1871 55 0.3094  1871 56 0.273  1871 57 0.2548  1871 58 0.2548  1871 59 0.273  1871 60 0.3003  1871 61 0.3003  1871 62 0.273  1871 63 0.2275  1871 64 0.1456  1871 65 0.091  1871 66 0.0637  1871 67 0.0546  1871 68 0.0819  1871 69 0.1001  1871 70 0.1183  1871 71 0.1274  1871 72 0.1274  1871 73 0.1456  1871 74 0.1729  1871 75 0.2184  1871 76 0.2639  1871 77 0.3003  1871 78 0.3003  1871 79 0.273  1871 80 0.2275  1871 81 0.1911  1871 82 0.182  1871 83 0.182  1871 84 0.2093  1871 85 0.2184  1871 86 0.1911  1871 87 0.1547  1871 88 0.091  1871 89 0.0546  1871 90 0.0637  1871 91 0.1001  1871 92 0.1638  1871 93 0.2184  1871 94 0.2457  1871 95 0.2639  
1588 0 0.0276  1588 1 0.0322  1588 2 0.0368  1588 3 0.0414  1588 4 0.0552  1588 5 0.0598  1588 6 0.0598  1588 7 0.0552  1588 8 0.0414  1588 9 0.0322  1588 10 0.0368  1588 11 0.046  1588 12 0.069  1588 13 0.0782  1588 14 0.0736  1588 15 0.0644  1588 16 0.046  1588 17 0.0322  1588 18 0.0276  1588 19 0.0322  1588 20 0.046  1588 21 0.0552  1588 22 0.0598  1588 23 0.0598  1588 24 0.0552  1588 25 0.0598  1588 26 0.0736  1588 27 0.0966  1588 28 0.1288  1588 29 0.1518  1588 30 0.161  1588 31 0.1564  1588 32 0.1334  1588 33 0.1288  1588 34 0.1334  1588 35 0.1564  1588 36 0.184  1588 37 0.1978  1588 38 0.1932  1588 39 0.1748  1588 40 0.138  1588 41 0.115  1588 42 0.1012  1588 43 0.1012  1588 44 0.115  1588 45 0.1196  1588 46 0.1196  1588 47 0.1104  1588 48 0.0966  1588 49 0.0874  1588 50 0.0874  1588 51 0.0966  1588 52 0.1104  1588 53 0.115  1588 54 0.1058  1588 55 0.0828  1588 56 0.046  1588 57 0.023  1588 58 0.0046  1588 59 0  1588 60 0.0046  1588 61 0.0092  1588 62 0.0092  1588 63 0.0092  1588 64 0.0092  1588 65 0.0138  1588 66 0.0138  1588 67 0.0138  1588 68 0.0184  1588 69 0.023  1588 70 0.0276  1588 71 0.0276  1588 72 0.0322  1588 73 0.0368  1588 74 0.0414  1588 75 0.0506  1588 76 0.0598  1588 77 0.0736  1588 78 0.0782  1588 79 0.0874  1588 80 0.092  1588 81 0.1012  1588 82 0.1104  1588 83 0.1242  1588 84 0.138  1588 85 0.138  1588 86 0.1288  1588 87 0.1012  1588 88 0.0552  1588 89 0.0276  1588 90 0.0138  1588 91 0.0138  1588 92 0.0276  1588 93 0.0368  1588 94 0.0414  1588 95 0.0414  
1377 0 0.2346  1377 1 0.2295  1377 2 0.2193  1377 3 0.2142  1377 4 0.1938  1377 5 0.1785  1377 6 0.1632  1377 7 0.153  1377 8 0.1377  1377 9 0.1224  1377 10 0.1122  1377 11 0.102  1377 12 0.0918  1377 13 0.0969  1377 14 0.1122  1377 15 0.1377  1377 16 0.1734  1377 17 0.1938  1377 18 0.1989  1377 19 0.1938  1377 20 0.1734  1377 21 0.1632  1377 22 0.153  1377 23 0.153  1377 24 0.153  1377 25 0.1428  1377 26 0.1224  1377 27 0.0867  1377 28 0.0408  1377 29 0.0102  1377 30 0  1377 31 0.0051  1377 32 0.0357  1377 33 0.051  1377 34 0.0561  1377 35 0.0459  1377 36 0.0255  1377 37 0.0204  1377 38 0.0255  1377 39 0.0408  1377 40 0.0714  1377 41 0.0816  1377 42 0.0816  1377 43 0.0663  1377 44 0.0357  1377 45 0.0204  1377 46 0.0204  1377 47 0.0357  1377 48 0.0612  1377 49 0.0867  1377 50 0.0918  1377 51 0.0867  1377 52 0.0714  1377 53 0.0714  1377 54 0.0816  1377 55 0.1071  1377 56 0.1428  1377 57 0.1632  1377 58 0.1683  1377 59 0.1632  1377 60 0.1428  1377 61 0.1275  1377 62 0.1275  1377 63 0.1326  1377 64 0.1479  1377 65 0.153  1377 66 0.153  1377 67 0.153  1377 68 0.1377  1377 69 0.1326  1377 70 0.1326  1377 71 0.1428  1377 72 0.1581  1377 73 0.1683  1377 74 0.1785  1377 75 0.1785  1377 76 0.1785  1377 77 0.1785  1377 78 0.1785  1377 79 0.1836  1377 80 0.1938  1377 81 0.1938  1377 82 0.1938  1377 83 0.1887  1377 84 0.1836  1377 85 0.1734  1377 86 0.1683  1377 87 0.1632  1377 88 0.1632  1377 89 0.1581  1377 90 0.153  1377 91 0.1428  1377 92 0.1275  1377 93 0.1275  1377 94 0.1377  1377 95 0.1581  
67 0 0.0702  67 1 0.0702  67 2 0.0702  67 3 0.0702  67 4 0.0702  67 5 0.0702  67 6 0.0741  67 7 0.078  67 8 0.0819  67 9 0.0858  67 10 0.0897  67 11 0.0897  67 12 0.0897  67 13 0.0897  67 14 0.0936  67 15 0.0975  67 16 0.1092  67 17 0.1092  67 18 0.1053  67 19 0.0975  67 20 0.078  67 21 0.0702  67 22 0.0624  67 23 0.0663  67 24 0.0702  67 25 0.078  67 26 0.0858  67 27 0.0897  67 28 0.0936  67 29 0.1014  67 30 0.1053  67 31 0.1131  67 32 0.117  67 33 0.1209  67 34 0.117  67 35 0.1131  67 36 0.0975  67 37 0.0897  67 38 0.0858  67 39 0.0858  67 40 0.0897  67 41 0.0897  67 42 0.0897  67 43 0.0858  67 44 0.0819  67 45 0.078  67 46 0.078  67 47 0.078  67 48 0.078  67 49 0.0741  67 50 0.0624  67 51 0.0429  67 52 0.0195  67 53 0.0039  67 54 0  67 55 0.0039  67 56 0.0195  67 57 0.0273  67 58 0.039  67 59 0.0429  67 60 0.0468  67 61 0.0507  67 62 0.0624  67 63 0.078  67 64 0.0975  67 65 0.1131  67 66 0.117  67 67 0.117  67 68 0.1092  67 69 0.1053  67 70 0.1014  67 71 0.1014  67 72 0.1053  67 73 0.1053  67 74 0.1014  67 75 0.0936  67 76 0.078  67 77 0.0663  67 78 0.0546  67 79 0.0429  67 80 0.0351  67 81 0.0273  67 82 0.0234  67 83 0.0234  67 84 0.0273  67 85 0.0273  67 86 0.0351  67 87 0.0429  67 88 0.0546  67 89 0.0624  67 90 0.0624  67 91 0.0546  67 92 0.0468  67 93 0.0429  67 94 0.0429  67 95 0.0468  
775 0 0.1978  775 1 0.1892  775 2 0.1806  775 3 0.172  775 4 0.1462  775 5 0.1204  775 6 0.0946  775 7 0.0602  775 8 0.0258  775 9 0.0086  775 10 0.0086  775 11 0.0258  775 12 0.0688  775 13 0.0946  775 14 0.1204  775 15 0.1204  775 16 0.1118  775 17 0.1118  775 18 0.1118  775 19 0.1118  775 20 0.1118  775 21 0.1204  775 22 0.1204  775 23 0.1204  775 24 0.1204  775 25 0.1118  775 26 0.1032  775 27 0.0946  775 28 0.0774  775 29 0.0688  775 30 0.043  775 31 0.0258  775 32 0.0086  775 33 0  775 34 0.0172  775 35 0.0516  775 36 0.1118  775 37 0.1548  775 38 0.1978  775 39 0.2322  775 40 0.258  775 41 0.2924  775 42 0.3354  775 43 0.387  775 44 0.4472  775 45 0.4644  775 46 0.4558  775 47 0.4128  775 48 0.3354  775 49 0.2752  775 50 0.2494  775 51 0.2408  775 52 0.2494  775 53 0.258  775 54 0.2752  775 55 0.2752  775 56 0.2752  775 57 0.2838  775 58 0.2838  775 59 0.2924  775 60 0.301  775 61 0.2924  775 62 0.258  775 63 0.2064  775 64 0.1376  775 65 0.1032  775 66 0.0946  775 67 0.129  775 68 0.1892  775 69 0.2322  775 70 0.2494  775 71 0.2408  775 72 0.2236  775 73 0.2064  775 74 0.215  775 75 0.2322  775 76 0.258  775 77 0.2752  775 78 0.2752  775 79 0.2494  775 80 0.2064  775 81 0.1806  775 82 0.1634  775 83 0.1548  775 84 0.1548  775 85 0.1548  775 86 0.1462  775 87 0.1376  775 88 0.129  775 89 0.1204  775 90 0.1204  775 91 0.129  775 92 0.1462  775 93 0.1634  775 94 0.172  775 95 0.1806  
362 0 0.0144  362 1 0.0144  362 2 0.0144  362 3 0.0156  362 4 0.0156  362 5 0.0156  362 6 0.0132  362 7 0.0108  362 8 0.006  362 9 0.0036  362 10 0.0012  362 11 0.0012  362 12 0.0012  362 13 0.0024  362 14 0.0024  362 15 0.0036  362 16 0.0036  362 17 0.0036  362 18 0.0036  362 19 0.0036  362 20 0.0036  362 21 0.0036  362 22 0.0036  362 23 0.0036  362 24 0.0024  362 25 0.0024  362 26 0.0024  362 27 0.0036  362 28 0.0048  362 29 0.006  362 30 0.006  362 31 0.006  362 32 0.0048  362 33 0.0048  362 34 0.0048  362 35 0.006  362 36 0.0084  362 37 0.0096  362 38 0.0096  362 39 0.0096  362 40 0.0096  362 41 0.0096  362 42 0.0108  362 43 0.0132  362 44 0.0156  362 45 0.0168  362 46 0.0168  362 47 0.0144  362 48 0.012  362 49 0.0096  362 50 0.0084  362 51 0.0084  362 52 0.0096  362 53 0.0108  362 54 0.0096  362 55 0.0084  362 56 0.0072  362 57 0.0048  362 58 0.0048  362 59 0.0048  362 60 0.006  362 61 0.0072  362 62 0.006  362 63 0.006  362 64 0.0036  362 65 0.0024  362 66 0.0024  362 67 0.0024  362 68 0.0036  362 69 0.0036  362 70 0.0036  362 71 0.0024  362 72 0.0012  362 73 0  362 74 0  362 75 0.0012  362 76 0.0036  362 77 0.0048  362 78 0.0048  362 79 0.0048  362 80 0.0048  362 81 0.0036  362 82 0.0036  362 83 0.0036  362 84 0.0036  362 85 0.0036  362 86 0.0036  362 87 0.0048  362 88 0.0048  362 89 0.006  362 90 0.0084  362 91 0.012  362 92 0.0168  362 93 0.0192  362 94 0.0216  362 95 0.0204  
1489 0 0.1452  1489 1 0.1452  1489 2 0.1452  1489 3 0.1452  1489 4 0.1518  1489 5 0.1452  1489 6 0.1386  1489 7 0.1254  1489 8 0.1122  1489 9 0.099  1489 10 0.0924  1489 11 0.0924  1489 12 0.099  1489 13 0.099  1489 14 0.0858  1489 15 0.066  1489 16 0.0396  1489 17 0.033  1489 18 0.0462  1489 19 0.0726  1489 20 0.1254  1489 21 0.1518  1489 22 0.1716  1489 23 0.165  1489 24 0.1452  1489 25 0.1254  1489 26 0.1056  1489 27 0.0924  1489 28 0.0726  1489 29 0.0594  1489 30 0.0462  1489 31 0.0264  1489 32 0.0066  1489 33 0  1489 34 0.0066  1489 35 0.0264  1489 36 0.066  1489 37 0.0924  1489 38 0.099  1489 39 0.1056  1489 40 0.0924  1489 41 0.0924  1489 42 0.0924  1489 43 0.099  1489 44 0.1122  1489 45 0.1254  1489 46 0.132  1489 47 0.132  1489 48 0.1254  1489 49 0.1386  1489 50 0.1782  1489 51 0.231  1489 52 0.3036  1489 53 0.3432  1489 54 0.363  1489 55 0.3432  1489 56 0.3036  1489 57 0.2706  1489 58 0.2508  1489 59 0.231  1489 60 0.2244  1489 61 0.2046  1489 62 0.1716  1489 63 0.1254  1489 64 0.066  1489 65 0.0264  1489 66 0.0066  1489 67 0.0132  1489 68 0.033  1489 69 0.0528  1489 70 0.0594  1489 71 0.0528  1489 72 0.0462  1489 73 0.0462  1489 74 0.0594  1489 75 0.0858  1489 76 0.1254  1489 77 0.165  1489 78 0.198  1489 79 0.231  1489 80 0.2574  1489 81 0.2838  1489 82 0.2904  1489 83 0.297  1489 84 0.2838  1489 85 0.2706  1489 86 0.2508  1489 87 0.2244  1489 88 0.1914  1489 89 0.1782  1489 90 0.1782  1489 91 0.1914  1489 92 0.2244  1489 93 0.2376  1489 94 0.2376  1489 95 0.2244  
53 0 0.0005  53 1 0.0006  53 2 0.0006  53 3 0.0008  53 4 0.0009  53 5 0.001  53 6 0.001  53 7 0.0008  53 8 0.0005  53 9 0.0004  53 10 0.0003  53 11 0.0003  53 12 0.0005  53 13 0.0006  53 14 0.0007  53 15 0.0008  53 16 0.0008  53 17 0.0009  53 18 0.001  53 19 0.0012  53 20 0.0014  53 21 0.0017  53 22 0.0018  53 23 0.002  53 24 0.0021  53 25 0.0023  53 26 0.0026  53 27 0.003  53 28 0.0034  53 29 0.0036  53 30 0.0036  53 31 0.0033  53 32 0.0029  53 33 0.0026  53 34 0.0023  53 35 0.0023  53 36 0.0023  53 37 0.0022  53 38 0.0019  53 39 0.0014  53 40 0.0008  53 41 0.0004  53 42 0.0001  53 43 0.0001  53 44 0.0004  53 45 0.0005  53 46 0.0005  53 47 0.0005  53 48 0.0004  53 49 0.0004  53 50 0.0005  53 51 0.0006  53 52 0.0009  53 53 0.0011  53 54 0.0012  53 55 0.0013  53 56 0.0014  53 57 0.0015  53 58 0.0016  53 59 0.0017  53 60 0.0019  53 61 0.0019  53 62 0.0018  53 63 0.0014  53 64 0.0009  53 65 0.0006  53 66 0.0003  53 67 0.0002  53 68 0.0002  53 69 0.0001  53 70 0.0001  53 71 0.0001  53 72 0  53 73 0  53 74 0.0002  53 75 0.0005  53 76 0.0008  53 77 0.0011  53 78 0.0013  53 79 0.0014  53 80 0.0014  53 81 0.0014  53 82 0.0015  53 83 0.0016  53 84 0.0017  53 85 0.0017  53 86 0.0015  53 87 0.0013  53 88 0.0009  53 89 0.0006  53 90 0.0004  53 91 0.0005  53 92 0.0006  53 93 0.0007  53 94 0.0007  53 95 0.0007  
1442 0 0.0024  1442 1 0.003  1442 2 0.0036  1442 3 0.0042  1442 4 0.0054  1442 5 0.0066  1442 6 0.0072  1442 7 0.0078  1442 8 0.0084  1442 9 0.009  1442 10 0.0096  1442 11 0.0102  1442 12 0.0108  1442 13 0.0114  1442 14 0.0114  1442 15 0.0114  1442 16 0.0114  1442 17 0.012  1442 18 0.0132  1442 19 0.015  1442 20 0.0174  1442 21 0.018  1442 22 0.0186  1442 23 0.0174  1442 24 0.0156  1442 25 0.0144  1442 26 0.0144  1442 27 0.015  1442 28 0.0162  1442 29 0.0168  1442 30 0.0174  1442 31 0.0168  1442 32 0.0156  1442 33 0.015  1442 34 0.0144  1442 35 0.0138  1442 36 0.0132  1442 37 0.0126  1442 38 0.012  1442 39 0.0108  1442 40 0.0096  1442 41 0.0084  1442 42 0.0078  1442 43 0.0072  1442 44 0.0072  1442 45 0.0072  1442 46 0.0066  1442 47 0.0054  1442 48 0.0042  1442 49 0.0036  1442 50 0.0042  1442 51 0.006  1442 52 0.0084  1442 53 0.0102  1442 54 0.0108  1442 55 0.0108  1442 56 0.0102  1442 57 0.0102  1442 58 0.0108  1442 59 0.0108  1442 60 0.012  1442 61 0.0132  1442 62 0.0132  1442 63 0.0126  1442 64 0.0114  1442 65 0.0108  1442 66 0.0108  1442 67 0.0102  1442 68 0.0108  1442 69 0.0102  1442 70 0.0084  1442 71 0.0066  1442 72 0.0036  1442 73 0.0012  1442 74 0  1442 75 0  1442 76 0.0006  1442 77 0.0012  1442 78 0.0012  1442 79 0.0012  1442 80 0.0006  1442 81 0  1442 82 0  1442 83 0.0006  1442 84 0.0012  1442 85 0.0012  1442 86 0.0018  1442 87 0.0024  1442 88 0.003  1442 89 0.0036  1442 90 0.0036  1442 91 0.0048  1442 92 0.0054  1442 93 0.006  1442 94 0.006  1442 95 0.0054  
939 0 0.0369  939 1 0.0369  939 2 0.0451  939 3 0.0451  939 4 0.0533  939 5 0.0615  939 6 0.0656  939 7 0.0738  939 8 0.0738  939 9 0.0779  939 10 0.0861  939 11 0.0943  939 12 0.1066  939 13 0.1107  939 14 0.1066  939 15 0.0902  939 16 0.0738  939 17 0.0656  939 18 0.0656  939 19 0.082  939 20 0.1066  939 21 0.1189  939 22 0.123  939 23 0.1189  939 24 0.1025  939 25 0.082  939 26 0.0738  939 27 0.0615  939 28 0.0533  939 29 0.041  939 30 0.0287  939 31 0.0164  939 32 0.0041  939 33 0  939 34 0.0041  939 35 0.0164  939 36 0.0328  939 37 0.0492  939 38 0.0615  939 39 0.0738  939 40 0.0779  939 41 0.0861  939 42 0.0943  939 43 0.1025  939 44 0.1107  939 45 0.1107  939 46 0.1025  939 47 0.0861  939 48 0.0615  939 49 0.041  939 50 0.0287  939 51 0.0246  939 52 0.0246  939 53 0.0246  939 54 0.0205  939 55 0.0164  939 56 0.0082  939 57 0.0041  939 58 0.0082  939 59 0.0123  939 60 0.0246  939 61 0.0369  939 62 0.0451  939 63 0.0533  939 64 0.0615  939 65 0.0738  939 66 0.0861  939 67 0.0984  939 68 0.1148  939 69 0.1271  939 70 0.1394  939 71 0.1394  939 72 0.1394  939 73 0.1394  939 74 0.1353  939 75 0.1271  939 76 0.1189  939 77 0.1025  939 78 0.0861  939 79 0.0656  939 80 0.0451  939 81 0.0287  939 82 0.0287  939 83 0.041  939 84 0.0656  939 85 0.0861  939 86 0.1025  939 87 0.123  939 88 0.1394  939 89 0.1476  939 90 0.1558  939 91 0.164  939 92 0.1681  939 93 0.1599  939 94 0.1476  939 95 0.1189  
1662 0 0.1248  1662 1 0.1152  1662 2 0.1056  1662 3 0.096  1662 4 0.0864  1662 5 0.0768  1662 6 0.0576  1662 7 0.0384  1662 8 0.0096  1662 9 0  1662 10 0.0096  1662 11 0.0192  1662 12 0.0384  1662 13 0.0576  1662 14 0.0672  1662 15 0.0768  1662 16 0.0672  1662 17 0.0672  1662 18 0.0672  1662 19 0.0672  1662 20 0.0672  1662 21 0.0672  1662 22 0.0672  1662 23 0.0672  1662 24 0.0672  1662 25 0.0672  1662 26 0.0576  1662 27 0.0576  1662 28 0.048  1662 29 0.0384  1662 30 0.0288  1662 31 0.0192  1662 32 0  1662 33 0  1662 34 0.0096  1662 35 0.0288  1662 36 0.0672  1662 37 0.096  1662 38 0.1152  1662 39 0.1344  1662 40 0.1536  1662 41 0.1728  1662 42 0.2016  1662 43 0.2304  1662 44 0.2688  1662 45 0.2784  1662 46 0.2784  1662 47 0.2496  1662 48 0.2016  1662 49 0.1632  1662 50 0.144  1662 51 0.144  1662 52 0.1536  1662 53 0.1536  1662 54 0.1632  1662 55 0.1632  1662 56 0.1632  1662 57 0.1632  1662 58 0.1728  1662 59 0.1728  1662 60 0.1824  1662 61 0.1728  1662 62 0.1536  1662 63 0.1248  1662 64 0.0864  1662 65 0.0576  1662 66 0.0576  1662 67 0.0768  1662 68 0.1152  1662 69 0.1344  1662 70 0.144  1662 71 0.144  1662 72 0.1344  1662 73 0.1248  1662 74 0.1248  1662 75 0.1344  1662 76 0.1536  1662 77 0.1632  1662 78 0.1632  1662 79 0.1536  1662 80 0.1248  1662 81 0.1056  1662 82 0.096  1662 83 0.096  1662 84 0.096  1662 85 0.096  1662 86 0.0864  1662 87 0.0864  1662 88 0.0768  1662 89 0.0768  1662 90 0.0768  1662 91 0.0768  1662 92 0.0864  1662 93 0.096  1662 94 0.1056  1662 95 0.1056  
2180 0 0.1581  2180 1 0.1581  2180 2 0.1581  2180 3 0.1581  2180 4 0.1581  2180 5 0.1581  2180 6 0.1581  2180 7 0.1674  2180 8 0.1674  2180 9 0.1674  2180 10 0.1581  2180 11 0.1395  2180 12 0.1209  2180 13 0.1116  2180 14 0.093  2180 15 0.0837  2180 16 0.0837  2180 17 0.0744  2180 18 0.0651  2180 19 0.0372  2180 20 0.0093  2180 21 0  2180 22 0  2180 23 0.0093  2180 24 0.0372  2180 25 0.0558  2180 26 0.0744  2180 27 0.0744  2180 28 0.0744  2180 29 0.0744  2180 30 0.0837  2180 31 0.1023  2180 32 0.1209  2180 33 0.1302  2180 34 0.1302  2180 35 0.1209  2180 36 0.1023  2180 37 0.093  2180 38 0.0744  2180 39 0.0744  2180 40 0.0651  2180 41 0.0651  2180 42 0.0651  2180 43 0.0558  2180 44 0.0558  2180 45 0.0558  2180 46 0.0651  2180 47 0.0837  2180 48 0.1116  2180 49 0.1302  2180 50 0.1488  2180 51 0.1488  2180 52 0.1488  2180 53 0.1488  2180 54 0.1488  2180 55 0.1488  2180 56 0.1488  2180 57 0.1488  2180 58 0.1395  2180 59 0.1395  2180 60 0.1302  2180 61 0.1209  2180 62 0.1209  2180 63 0.1116  2180 64 0.1116  2180 65 0.1116  2180 66 0.1023  2180 67 0.093  2180 68 0.0744  2180 69 0.0651  2180 70 0.0651  2180 71 0.0651  2180 72 0.0837  2180 73 0.0837  2180 74 0.0744  2180 75 0.0558  2180 76 0.0279  2180 77 0.0093  2180 78 0.0093  2180 79 0.0186  2180 80 0.0372  2180 81 0.0465  2180 82 0.0558  2180 83 0.0558  2180 84 0.0558  2180 85 0.0651  2180 86 0.0744  2180 87 0.1023  2180 88 0.1395  2180 89 0.1674  2180 90 0.1767  2180 91 0.186  2180 92 0.1767  2180 93 0.1767  2180 94 0.1674  2180 95 0.1674  
2053 0 0.1224  2053 1 0.1173  2053 2 0.1071  2053 3 0.102  2053 4 0.0867  2053 5 0.0714  2053 6 0.0561  2053 7 0.0357  2053 8 0.0153  2053 9 0.0051  2053 10 0.0051  2053 11 0.0153  2053 12 0.0408  2053 13 0.0612  2053 14 0.0714  2053 15 0.0714  2053 16 0.0663  2053 17 0.0663  2053 18 0.0663  2053 19 0.0663  2053 20 0.0663  2053 21 0.0714  2053 22 0.0714  2053 23 0.0714  2053 24 0.0714  2053 25 0.0663  2053 26 0.0612  2053 27 0.0561  2053 28 0.0459  2053 29 0.0408  2053 30 0.0306  2053 31 0.0153  2053 32 0.0051  2053 33 0  2053 34 0.0102  2053 35 0.0306  2053 36 0.0663  2053 37 0.0918  2053 38 0.1173  2053 39 0.1377  2053 40 0.1581  2053 41 0.1734  2053 42 0.204  2053 43 0.2346  2053 44 0.2703  2053 45 0.2856  2053 46 0.2754  2053 47 0.2499  2053 48 0.1989  2053 49 0.1683  2053 50 0.1479  2053 51 0.1428  2053 52 0.153  2053 53 0.1581  2053 54 0.1632  2053 55 0.1683  2053 56 0.1683  2053 57 0.1683  2053 58 0.1734  2053 59 0.1734  2053 60 0.1836  2053 61 0.1734  2053 62 0.1581  2053 63 0.1275  2053 64 0.0867  2053 65 0.0612  2053 66 0.0612  2053 67 0.0765  2053 68 0.1122  2053 69 0.1377  2053 70 0.1479  2053 71 0.1479  2053 72 0.1326  2053 73 0.1275  2053 74 0.1326  2053 75 0.1377  2053 76 0.1581  2053 77 0.1683  2053 78 0.1632  2053 79 0.153  2053 80 0.1275  2053 81 0.1122  2053 82 0.0969  2053 83 0.0918  2053 84 0.0969  2053 85 0.0918  2053 86 0.0918  2053 87 0.0867  2053 88 0.0765  2053 89 0.0714  2053 90 0.0714  2053 91 0.0816  2053 92 0.0918  2053 93 0.0969  2053 94 0.1071  2053 95 0.1122  
245 0 0.0261  245 1 0.0348  245 2 0.0348  245 3 0.0435  245 4 0.0522  245 5 0.0522  245 6 0.0522  245 7 0.0435  245 8 0.0261  245 9 0.0174  245 10 0.0174  245 11 0.0174  245 12 0.0261  245 13 0.0348  245 14 0.0348  245 15 0.0435  245 16 0.0435  245 17 0.0522  245 18 0.0522  245 19 0.0696  245 20 0.0783  245 21 0.087  245 22 0.1044  245 23 0.1131  245 24 0.1131  245 25 0.1305  245 26 0.1392  245 27 0.1653  245 28 0.1827  245 29 0.2001  245 30 0.1914  245 31 0.1827  245 32 0.1566  245 33 0.1392  245 34 0.1305  245 35 0.1218  245 36 0.1218  245 37 0.1218  245 38 0.1044  245 39 0.0783  245 40 0.0435  245 41 0.0174  245 42 0.0087  245 43 0.0087  245 44 0.0174  245 45 0.0261  245 46 0.0261  245 47 0.0261  245 48 0.0261  245 49 0.0261  245 50 0.0261  245 51 0.0348  245 52 0.0435  245 53 0.0609  245 54 0.0696  245 55 0.0696  245 56 0.0783  245 57 0.0783  245 58 0.087  245 59 0.0957  245 60 0.1044  245 61 0.1044  245 62 0.0957  245 63 0.0783  245 64 0.0522  245 65 0.0348  245 66 0.0174  245 67 0.0087  245 68 0.0087  245 69 0.0087  245 70 0.0087  245 71 0  245 72 0  245 73 0  245 74 0.0087  245 75 0.0261  245 76 0.0435  245 77 0.0609  245 78 0.0696  245 79 0.0783  245 80 0.0783  245 81 0.0783  245 82 0.0783  245 83 0.087  245 84 0.0957  245 85 0.0957  245 86 0.087  245 87 0.0696  245 88 0.0435  245 89 0.0348  245 90 0.0261  245 91 0.0261  245 92 0.0348  245 93 0.0348  245 94 0.0435  245 95 0.0348  

7090 0 0  7090 1 0  7090 2 0  7090 3 0  7090 4 0  7090 5 0  7090 6 0  7090 7 0  7090 8 0  7090 9 0  7090 10 0  7090 11 0  7090 12 0  7090 13 0  7090 14 0  7090 15 0  7090 16 0  7090 17 0  7090 18 0  7090 19 0  7090 20 0  7090 21 0  7090 22 0  7090 23 0  7090 24 0  7090 25 0  7090 26 0  7090 27 0  7090 28 0  7090 29 0  7090 30 0  7090 31 0  7090 32 0  7090 33 0  7090 34 0  7090 35 0  7090 36 0  7090 37 0  7090 38 0  7090 39 0  7090 40 0  7090 41 0  7090 42 0  7090 43 0  7090 44 0  7090 45 0  7090 46 0  7090 47 0  7090 48 0  7090 49 0  7090 50 0  7090 51 0  7090 52 0  7090 53 0  7090 54 0  7090 55 0  7090 56 0  7090 57 0  7090 58 0  7090 59 0  7090 60 0  7090 61 0  7090 62 0  7090 63 0  7090 64 0  7090 65 0  7090 66 0  7090 67 0  7090 68 0  7090 69 0  7090 70 0  7090 71 0  7090 72 0  7090 73 0  7090 74 0  7090 75 0  7090 76 0  7090 77 0  7090 78 0  7090 79 0  7090 80 0  7090 81 0  7090 82 0  7090 83 0  7090 84 0  7090 85 0  7090 86 0  7090 87 0  7090 88 0  7090 89 0  7090 90 0  7090 91 0  7090 92 0  7090 93 0  7090 94 0  7090 95 0  
;

param t := 
2090 131 0.513124  
2090 744 0.302161  
2090 339 0.593878  
2090 1995 0.318  
2090 1073 0.27056  
2090 697 0.300956  
2090 1372 0.196704  
2090 1381 0.161704  
2090 1603 0.357369  
2090 301 0.643416  
2090 1871 0.536139  
2090 1588 0.30696  
2090 1377 0.169245  
2090 67 0.739666  
2090 775 0.643327  
2090 362 0.487031  
2090 1489 0.265023  
2090 53 0.577084  
2090 1442 0.111802  
2090 939 0.370304  
2090 1662 0.0242345  
2090 2180 0.428205  
2090 2053 0.277198  
2090 245 0.728362  
131 7090 0.397075  
131 744 0.240119  
131 339 0.319263  
131 1995 0.178155  
131 1073 0.253481  
131 697 0.232343  
131 1372 0.412977  
131 1381 0.425316  
131 1603 0.5215  
131 301 0.384586  
131 1871 0.415416  
131 1588 0.469611  
131 1377 0.419098  
131 67 0.421996  
131 775 0.438699  
131 362 0.0696146  
131 1489 0.527512  
131 53 0.186497  
131 1442 0.380118  
131 939 0.33743  
131 1662 0.410966  
131 2180 0.316168  
131 2053 0.370154  
131 245 0.416324  
744 7090 0.242233  
744 131 0.253855  
744 339 0.485201  
744 1995 0.166313  
744 1073 0.169462  
744 697 0.11311  
744 1372 0.275314  
744 1381 0.251551  
744 1603 0.406052  
744 301 0.534448  
744 1871 0.301722  
744 1588 0.355643  
744 1377 0.277194  
744 67 0.548539  
744 775 0.573315  
744 362 0.220115  
744 1489 0.388663  
744 53 0.311969  
744 1442 0.224715  
744 939 0.296469  
744 1662 0.255925  
744 2180 0.21086  
744 2053 0.266818  
744 245 0.535015  
339 7090 0.459044  
339 131 0.312863  
339 744 0.414291  
339 1995 0.285717  
339 1073 0.362501  
339 697 0.334119  
339 1372 0.315107  
339 1381 0.355805  
339 1603 0.332383  
339 301 0.0951637  
339 1871 0.603651  
339 1588 0.321069  
339 1377 0.33219  
339 67 0.256206  
339 775 0.142605  
339 362 0.276805  
339 1489 0.395512  
339 53 0.425728  
339 1442 0.399234  
339 939 0.253286  
339 1662 0.472936  
339 2180 0.492293  
339 2053 0.324092  
339 245 0.214847  
1995 7090 0.222113  
1995 131 0.201117  
1995 744 0.17765  
1995 339 0.314362  
1995 1073 0.0754941  
1995 697 0.0591533  
1995 1372 0.226139  
1995 1381 0.237975  
1995 1603 0.354724  
1995 301 0.384561  
1995 1871 0.353128  
1995 1588 0.304316  
1995 1377 0.226463  
1995 67 0.418382  
1995 775 0.442289  
1995 362 0.17095  
1995 1489 0.337335  
1995 53 0.28447  
1995 1442 0.204596  
1995 939 0.206937  
1995 1662 0.236088  
1995 2180 0.253879  
1995 2053 0.193949  
1995 245 0.412711  
1073 7090 0.191571  
1073 131 0.313125  
1073 744 0.174324  
1073 339 0.356148  
1073 1995 0.113749  
1073 697 0.0879944  
1073 1372 0.150645  
1073 1381 0.162481  
1073 1603 0.282758  
1073 301 0.406724  
1073 1871 0.408557  
1073 1588 0.233146  
1073 1377 0.150969  
1073 67 0.509846  
1073 775 0.454889  
1073 362 0.288779  
1073 1489 0.257909  
1073 53 0.365729  
1073 1442 0.174054  
1073 939 0.146028  
1073 1662 0.205547  
1073 2180 0.309308  
1073 2053 0.118455  
1073 245 0.507025  
697 7090 0.211529  
697 131 0.260384  
697 744 0.134914  
697 339 0.38318  
697 1995 0.0584996  
697 1073 0.0752809  
697 1372 0.221571  
697 1381 0.233407  
697 1603 0.350505  
697 301 0.433755  
697 1871 0.352513  
697 1588 0.300096  
697 1377 0.221896  
697 67 0.472441  
697 775 0.481196  
697 362 0.22945  
697 1489 0.333116  
697 53 0.31814  
697 1442 0.194012  
697 939 0.206724  
697 1662 0.225505  
697 2180 0.253264  
697 2053 0.189381  
697 245 0.46677  
1372 7090 0.172051  
1372 131 0.436368  
1372 744 0.293069  
1372 339 0.398617  
1372 1995 0.235991  
1372 1073 0.150258  
1372 697 0.228097  
1372 1381 0.0504077  
1372 1603 0.183579  
1372 301 0.449192  
1372 1871 0.523052  
1372 1588 0.120402  
1372 1377 0.020129  
1372 67 0.592176  
1372 775 0.477148  
1372 362 0.396717  
1372 1489 0.145288  
1372 53 0.488972  
1372 1442 0.0898418  
1372 939 0.191775  
1372 1662 0.186026  
1372 2180 0.418263  
1372 2053 0.0917519  
1372 245 0.589961  
1381 7090 0.144229  
1381 131 0.509245  
1381 744 0.291097  
1381 339 0.479761  
1381 1995 0.302336  
1381 1073 0.218581  
1381 697 0.286205  
1381 1372 0.0790765  
1381 1603 0.254328  
1381 301 0.529135  
1381 1871 0.51987  
1381 1588 0.192488  
1381 1377 0.051618  
1381 67 0.67574  
1381 775 0.54609  
1381 362 0.465908  
1381 1489 0.176897  
1381 53 0.589096  
1381 1442 0.0441762  
1381 939 0.271405  
1381 1662 0.158204  
1381 2180 0.415846  
1381 2053 0.167987  
1381 245 0.673618  
1603 7090 0.338737  
1603 131 0.511932  
1603 744 0.473639  
1603 339 0.344558  
1603 1995 0.37744  
1603 1073 0.302618  
1603 697 0.380766  
1603 1372 0.203716  
1603 1381 0.239885  
1603 301 0.395133  
1603 1871 0.688486  
1603 1588 0.0628612  
1603 1377 0.223845  
1603 67 0.554424  
1603 775 0.437068  
1603 362 0.446858  
1603 1489 0.129394  
1603 53 0.607036  
1603 1442 0.290955  
1603 939 0.224967  
1603 1662 0.352629  
1603 2180 0.578087  
1603 2053 0.212697  
1603 245 0.535075  
301 7090 0.503938  
301 131 0.38462  
301 744 0.490252  
301 339 0.104531  
301 1995 0.361677  
301 1073 0.406544  
301 697 0.44389  
301 1372 0.359937  
301 1381 0.400635  
301 1603 0.39052  
301 1871 0.676467  
301 1588 0.365574  
301 1377 0.37702  
301 67 0.261489  
301 775 0.0667906  
301 362 0.339765  
301 1489 0.440017  
301 53 0.497485  
301 1442 0.444064  
301 939 0.292586  
301 1662 0.517316  
301 2180 0.566067  
301 2053 0.368597  
301 245 0.182204  
1871 7090 0.51265  
1871 131 0.451652  
1871 744 0.328122  
1871 339 0.586942  
1871 1995 0.370855  
1871 1073 0.421515  
1871 697 0.371127  
1871 1372 0.552645  
1871 1381 0.519836  
1871 1603 0.70943  
1871 301 0.720392  
1871 1588 0.644197  
1871 1377 0.544853  
1871 67 0.705354  
1871 775 0.74422  
1871 362 0.419269  
1871 1489 0.665172  
1871 53 0.497625  
1871 1442 0.496133  
1871 939 0.551614  
1871 1662 0.525757  
1871 2180 0.153814  
1871 2053 0.519542  
1871 245 0.694049  
1588 7090 0.279844  
1588 131 0.485089  
1588 744 0.410838  
1588 339 0.354204  
1588 1995 0.315052  
1588 1073 0.242723  
1588 697 0.317965  
1588 1372 0.140855  
1588 1381 0.177024  
1588 1603 0.063177  
1588 301 0.404779  
1588 1871 0.636146  
1588 1377 0.160984  
1588 67 0.56072  
1588 775 0.446714  
1588 362 0.418726  
1588 1489 0.0665329  
1588 53 0.592616  
1588 1442 0.227452  
1588 939 0.182042  
1588 1662 0.293736  
1588 2180 0.525746  
1588 2053 0.149836  
1588 245 0.544512  
1377 7090 0.16317  
1377 131 0.462511  
1377 744 0.30362  
1377 339 0.42507  
1377 1995 0.260487  
1377 1073 0.169913  
1377 697 0.239141  
1377 1372 0.0274585  
1377 1381 0.0302787  
1377 1603 0.207313  
1377 301 0.475645  
1377 1871 0.538059  
1377 1588 0.144136  
1377 67 0.618042  
1377 775 0.501687  
1377 362 0.414956  
1377 1489 0.148448  
1377 53 0.517441  
1377 1442 0.0697129  
1377 939 0.216392  
1377 1662 0.177145  
1377 2180 0.429664  
1377 2053 0.116369  
1377 245 0.615293  
67 7090 0.62899  
67 131 0.413534  
67 744 0.527174  
67 339 0.281916  
67 1995 0.405849  
67 1073 0.482257  
67 697 0.45425  
67 1372 0.526523  
67 1381 0.575162  
67 1603 0.55253  
67 301 0.240409  
67 1871 0.702816  
67 1588 0.53423  
67 1377 0.54443  
67 775 0.284419  
67 362 0.37115  
67 1489 0.60714  
67 53 0.530125  
67 1442 0.618639  
67 939 0.437319  
67 1662 0.642096  
67 2180 0.592417  
67 2053 0.539411  
67 245 0.0946516  
775 7090 0.52826  
775 131 0.418936  
775 744 0.566544  
775 339 0.141222  
775 1995 0.401044  
775 1073 0.435164  
775 697 0.474349  
775 1372 0.384904  
775 1381 0.425602  
775 1603 0.412191  
775 301 0.0601121  
775 1871 0.715412  
775 1588 0.390541  
775 1377 0.401987  
775 67 0.296483  
775 362 0.378159  
775 1489 0.464984  
775 53 0.536048  
775 1442 0.469031  
775 939 0.325712  
775 1662 0.541367  
775 2180 0.605012  
775 2053 0.393564  
775 245 0.219357  
362 7090 0.384688  
362 131 0.0677124  
362 744 0.236041  
362 339 0.27295  
362 1995 0.165088  
362 1073 0.240582  
362 697 0.219275  
362 1372 0.400127  
362 1381 0.412466  
362 1603 0.459406  
362 301 0.338102  
362 1871 0.411734  
362 1588 0.410262  
362 1377 0.406248  
362 67 0.372467  
362 775 0.392215  
362 1489 0.484705  
362 53 0.203327  
362 1442 0.367731  
362 939 0.27212  
362 1662 0.398579  
362 2180 0.312486  
362 2053 0.319311  
362 245 0.366795  
1489 7090 0.262302  
1489 131 0.548948  
1489 744 0.405815  
1489 339 0.421085  
1489 1995 0.349663  
1489 1073 0.263302  
1489 697 0.349067  
1489 1372 0.134428  
1489 1381 0.161136  
1489 1603 0.135144  
1489 301 0.47166  
1489 1871 0.641084  
1489 1588 0.0719666  
1489 1377 0.130858  
1489 67 0.631907  
1489 775 0.511756  
1489 362 0.485764  
1489 53 0.633425  
1489 1442 0.179869  
1489 939 0.247438  
1489 1662 0.276194  
1489 2180 0.530684  
1489 2053 0.190974  
1489 245 0.611237  
53 7090 0.479551  
53 131 0.16005  
53 744 0.285865  
53 339 0.451812  
53 1995 0.262507  
53 1073 0.344004  
53 697 0.311057  
53 1372 0.503812  
53 1381 0.488364  
53 1603 0.616169  
53 301 0.516113  
53 1871 0.481402  
53 1588 0.558087  
53 1377 0.509738  
53 67 0.550267  
53 775 0.565995  
53 362 0.189735  
53 1489 0.615826  
53 1442 0.462595  
53 939 0.425626  
53 1662 0.493443  
53 2180 0.382154  
53 2053 0.454488  
53 245 0.535924  
1442 7090 0.100053  
1442 131 0.467699  
1442 744 0.26424  
1442 339 0.479626  
1442 1995 0.2888  
1442 1073 0.216362  
1442 697 0.247207  
1442 1372 0.100414  
1442 1381 0.0499018  
1442 1603 0.2609  
1442 301 0.529003  
1442 1871 0.474682  
1442 1588 0.201091  
1442 1377 0.0729556  
1442 67 0.675595  
1442 775 0.54598  
1442 362 0.465429  
1442 1489 0.198235  
1442 53 0.523428  
1442 939 0.271267  
1442 1662 0.114028  
1442 2180 0.375433  
1442 2053 0.167849  
1442 245 0.673472  
939 7090 0.313932  
939 131 0.334111  
939 744 0.316516  
939 339 0.248676  
939 1995 0.198501  
939 1073 0.15394  
939 697 0.218506  
939 1372 0.172331  
939 1381 0.212025  
939 1603 0.211183  
939 301 0.296197  
939 1871 0.507872  
939 1588 0.17549  
939 1377 0.19246  
939 67 0.434712  
939 775 0.330994  
939 362 0.273554  
939 1489 0.240657  
939 53 0.393481  
939 1442 0.256201  
939 1662 0.327824  
939 2180 0.406732  
939 2053 0.116911  
939 245 0.43774  
1662 7090 0.00600118  
1662 131 0.506266  
1662 744 0.295497  
1662 339 0.587349  
1662 1995 0.310195  
1662 1073 0.263217  
1662 697 0.293377  
1662 1372 0.18965  
1662 1381 0.15465  
1662 1603 0.349491  
1662 301 0.636887  
1662 1871 0.526531  
1662 1588 0.299082  
1662 1377 0.162191  
1662 67 0.733431  
1662 775 0.636803  
1662 362 0.480075  
1662 1489 0.25818  
1662 53 0.572413  
1662 1442 0.104749  
1662 939 0.36377  
1662 2180 0.420906  
1662 2053 0.271036  
1662 245 0.722126  
2180 7090 0.615825  
2180 131 0.533564  
2180 744 0.420831  
2180 339 0.674004  
2180 1995 0.455024  
2180 1073 0.505455  
2180 697 0.455296  
2180 1372 0.652038  
2180 1381 0.622673  
2180 1603 0.804747  
2180 301 0.755184  
2180 1871 0.0910468  
2180 1588 0.74359  
2180 1377 0.64769  
2180 67 0.78595  
2180 775 0.849377  
2180 362 0.503768  
2180 1489 0.766498  
2180 53 0.592725  
2180 1442 0.598009  
2180 939 0.634123  
2180 1662 0.628932  
2180 2053 0.600914  
2180 245 0.790763  
2053 7090 0.253073  
2053 131 0.385442  
2053 744 0.283541  
2053 339 0.352146  
2053 1995 0.186624  
2053 1073 0.100892  
2053 697 0.18263  
2053 1372 0.110826  
2053 1381 0.15052  
2053 1603 0.211401  
2053 301 0.402721  
2053 1871 0.499225  
2053 1588 0.148224  
2053 1377 0.130955  
2053 67 0.542356  
2053 775 0.450887  
2053 362 0.350272  
2053 1489 0.190103  
2053 53 0.438047  
2053 1442 0.194696  
2053 939 0.116564  
2053 1662 0.267016  
2053 2180 0.399976  
2053 245 0.531138  
245 7090 0.62366  
245 131 0.409095  
245 744 0.520612  
245 339 0.185077  
245 1995 0.400335  
245 1073 0.476744  
245 697 0.448737  
245 1372 0.49084  
245 1381 0.533637  
245 1603 0.519134  
245 301 0.163598  
245 1871 0.69706  
245 1588 0.496476  
245 1377 0.507588  
245 67 0.106397  
245 775 0.207234  
245 362 0.36539  
245 1489 0.571012  
245 53 0.525257  
245 1442 0.580797  
245 939 0.434396  
245 1662 0.636766  
245 2180 0.586661  
245 2053 0.499499  
;

