param o := 145 ;
param s := 5145 ;

set R := 1974 456 503 552 ;
set M := 0 1 2 3 4 5 6 7 8 9 10 11 12 13 14 15 16 17 18 19 20 21 22 23 ;
param TTI := 
0 0
1 1
2 2
3 3
4 4
5 5
6 6
7 7
8 8
9 9
10 10
11 11
12 12
13 13
14 14
15 15
16 16
17 17
18 18
19 19
20 20
21 21
22 22
23 23
;

param TTF := 
0 1
1 2
2 3
3 4
4 5
5 6
6 7
7 8
8 9
9 10
10 11
11 12
12 13
13 14
14 15
15 16
16 17
17 18
18 19
19 20
20 21
21 22
22 23
23 24
;

param tf := 
145 0 0.0588  145 1 0.0686  145 2 0.0784  145 3 0.0931  145 4 0.1127  145 5 0.1274  145 6 0.1323  145 7 0.1225  145 8 0.1078  145 9 0.098  145 10 0.1029  145 11 0.1127  145 12 0.1323  145 13 0.1421  145 14 0.1421  145 15 0.1323  145 16 0.1127  145 17 0.1029  145 18 0.1029  145 19 0.1127  145 20 0.1274  145 21 0.1372  145 22 0.1421  145 23 0.1372  
1974 0 0.1116  1974 1 0.1023  1974 2 0.0837  1974 3 0.0837  1974 4 0.0651  1974 5 0.0744  1974 6 0.1209  1974 7 0.1953  1974 8 0.3069  1974 9 0.372  1974 10 0.3999  1974 11 0.3813  1974 12 0.3348  1974 13 0.2976  1974 14 0.2697  1974 15 0.2604  1974 16 0.279  1974 17 0.2697  1974 18 0.2511  1974 19 0.2232  1974 20 0.1674  1974 21 0.1581  1974 22 0.1767  1974 23 0.2325  
456 0 0.0624  456 1 0.0576  456 2 0.0576  456 3 0.0576  456 4 0.0528  456 5 0.0528  456 6 0.0528  456 7 0.0528  456 8 0.0576  456 9 0.0624  456 10 0.0672  456 11 0.0624  456 12 0.0624  456 13 0.0576  456 14 0.0576  456 15 0.0576  456 16 0.0528  456 17 0.0528  456 18 0.0528  456 19 0.048  456 20 0.0432  456 21 0.0384  456 22 0.0336  456 23 0.0288  
503 0 0.1056  503 1 0.0936  503 2 0.0816  503 3 0.072  503 4 0.0504  503 5 0.036  503 6 0.0288  503 7 0.0312  503 8 0.0408  503 9 0.0432  503 10 0.0384  503 11 0.0264  503 12 0.0072  503 13 0  503 14 0.0024  503 15 0.0144  503 16 0.0408  503 17 0.0552  503 18 0.0648  503 19 0.0672  503 20 0.0624  503 21 0.0576  503 22 0.0576  503 23 0.0648  
552 0 0.28  552 1 0.252  552 2 0.224  552 3 0.189  552 4 0.133  552 5 0.098  552 6 0.077  552 7 0.084  552 8 0.112  552 9 0.119  552 10 0.105  552 11 0.07  552 12 0.021  552 13 0  552 14 0.007  552 15 0.042  552 16 0.112  552 17 0.147  552 18 0.175  552 19 0.182  552 20 0.168  552 21 0.161  552 22 0.161  552 23 0.175  

5145 0 0  5145 1 0  5145 2 0  5145 3 0  5145 4 0  5145 5 0  5145 6 0  5145 7 0  5145 8 0  5145 9 0  5145 10 0  5145 11 0  5145 12 0  5145 13 0  5145 14 0  5145 15 0  5145 16 0  5145 17 0  5145 18 0  5145 19 0  5145 20 0  5145 21 0  5145 22 0  5145 23 0  
;

param t := 
145 1974 0.107261  
145 456 0.142378  
145 503 0.206358  
145 552 0.194666  
1974 5145 0.0983703  
1974 456 0.0930961  
1974 503 0.116558  
1974 552 0.174156  
456 5145 0.144566  
456 1974 0.0951241  
456 503 0.0639802  
456 552 0.0810602  
503 5145 0.233231  
503 1974 0.166609  
503 456 0.0901424  
503 552 0.117785  
552 5145 0.199101  
552 1974 0.179875  
552 456 0.0847509  
552 503 0.125672  
;

