param o := 368 ;
param s := 5368 ;

set R := 1603 139 912 1664 ;
set M := 0 1 2 3 4 5 6 7 8 9 10 11 12 13 14 15 16 17 18 19 20 21 22 23 ;
param TTI := 
0 0
1 1
2 2
3 3
4 4
5 5
6 6
7 7
8 8
9 9
10 10
11 11
12 12
13 13
14 14
15 15
16 16
17 17
18 18
19 19
20 20
21 21
22 22
23 23
;

param TTF := 
0 1
1 2
2 3
3 4
4 5
5 6
6 7
7 8
8 9
9 10
10 11
11 12
12 13
13 14
14 15
15 16
16 17
17 18
18 19
19 20
20 21
21 22
22 23
23 24
;

param tf := 
368 0 0.1078  368 1 0.1029  368 2 0.098  368 3 0.0931  368 4 0.0882  368 5 0.0784  368 6 0.0735  368 7 0.0686  368 8 0.0637  368 9 0.0539  368 10 0.049  368 11 0.0441  368 12 0.0441  368 13 0.0441  368 14 0.049  368 15 0.0637  368 16 0.0784  368 17 0.0882  368 18 0.0882  368 19 0.0882  368 20 0.0784  368 21 0.0735  368 22 0.0686  368 23 0.0686  
1603 0 0.1488  1603 1 0.1581  1603 2 0.1581  1603 3 0.1674  1603 4 0.1767  1603 5 0.1674  1603 6 0.1488  1603 7 0.1116  1603 8 0.0651  1603 9 0.0372  1603 10 0.0186  1603 11 0.0093  1603 12 0.0186  1603 13 0.0279  1603 14 0.0279  1603 15 0.0372  1603 16 0.0372  1603 17 0.0372  1603 18 0.0372  1603 19 0.0372  1603 20 0.0372  1603 21 0.0372  1603 22 0.0372  1603 23 0.0372  
139 0 0.0912  139 1 0.096  139 2 0.096  139 3 0.1008  139 4 0.1056  139 5 0.1056  139 6 0.096  139 7 0.0816  139 8 0.0576  139 9 0.048  139 10 0.048  139 11 0.0624  139 12 0.0864  139 13 0.1056  139 14 0.12  139 15 0.12  139 16 0.1152  139 17 0.1104  139 18 0.1056  139 19 0.096  139 20 0.0864  139 21 0.0768  139 22 0.0624  139 23 0.0432  
912 0 0.0792  912 1 0.0768  912 2 0.0744  912 3 0.072  912 4 0.0672  912 5 0.0624  912 6 0.06  912 7 0.0576  912 8 0.0552  912 9 0.0528  912 10 0.048  912 11 0.0432  912 12 0.036  912 13 0.0336  912 14 0.036  912 15 0.0456  912 16 0.0576  912 17 0.0624  912 18 0.06  912 19 0.0528  912 20 0.036  912 21 0.0288  912 22 0.0264  912 23 0.0288  
1664 0 0.056  1664 1 0.056  1664 2 0.056  1664 3 0.049  1664 4 0.049  1664 5 0.049  1664 6 0.049  1664 7 0.056  1664 8 0.063  1664 9 0.07  1664 10 0.07  1664 11 0.063  1664 12 0.063  1664 13 0.056  1664 14 0.049  1664 15 0.049  1664 16 0.049  1664 17 0.049  1664 18 0.049  1664 19 0.049  1664 20 0.049  1664 21 0.049  1664 22 0.056  1664 23 0.056  

5368 0 0  5368 1 0  5368 2 0  5368 3 0  5368 4 0  5368 5 0  5368 6 0  5368 7 0  5368 8 0  5368 9 0  5368 10 0  5368 11 0  5368 12 0  5368 13 0  5368 14 0  5368 15 0  5368 16 0  5368 17 0  5368 18 0  5368 19 0  5368 20 0  5368 21 0  5368 22 0  5368 23 0  
;

param t := 
368 1603 0.419897  
368 139 0.114678  
368 912 0.221593  
368 1664 0.226306  
1603 5368 0.417986  
1603 139 0.469695  
1603 912 0.251973  
1603 1664 0.431687  
139 5368 0.111866  
139 1603 0.48035  
139 912 0.253027  
139 1664 0.335791  
912 5368 0.224614  
912 1603 0.267162  
912 139 0.254545  
912 1664 0.300997  
1664 5368 0.223237  
1664 1603 0.386775  
1664 139 0.305203  
1664 912 0.329448  
;

