param o := 1858 ;
param s := 6858 ;

set R := 725 596 559 1537 ;
set M := 0 1 2 3 4 5 6 7 8 9 10 11 12 13 14 15 16 17 18 19 20 21 22 23 ;
param TTI := 
0 0
1 1
2 2
3 3
4 4
5 5
6 6
7 7
8 8
9 9
10 10
11 11
12 12
13 13
14 14
15 15
16 16
17 17
18 18
19 19
20 20
21 21
22 22
23 23
;

param TTF := 
0 1
1 2
2 3
3 4
4 5
5 6
6 7
7 8
8 9
9 10
10 11
11 12
12 13
13 14
14 15
15 16
16 17
17 18
18 19
19 20
20 21
21 22
22 23
23 24
;

param tf := 
1858 0 0  1858 1 0.0049  1858 2 0.0147  1858 3 0.0196  1858 4 0.0294  1858 5 0.0441  1858 6 0.0539  1858 7 0.0637  1858 8 0.0735  1858 9 0.0882  1858 10 0.098  1858 11 0.1029  1858 12 0.1078  1858 13 0.1078  1858 14 0.098  1858 15 0.0735  1858 16 0.049  1858 17 0.0343  1858 18 0.0294  1858 19 0.0294  1858 20 0.049  1858 21 0.0539  1858 22 0.0637  1858 23 0.0637  
725 0 0  725 1 0.0093  725 2 0.0186  725 3 0.0186  725 4 0.0372  725 5 0.0465  725 6 0.0651  725 7 0.0744  725 8 0.0837  725 9 0.1023  725 10 0.1116  725 11 0.1209  725 12 0.1209  725 13 0.1209  725 14 0.1116  725 15 0.0837  725 16 0.0558  725 17 0.0372  725 18 0.0279  725 19 0.0372  725 20 0.0558  725 21 0.0651  725 22 0.0744  725 23 0.0744  
596 0 0.0384  596 1 0.0384  596 2 0.0384  596 3 0.0432  596 4 0.0432  596 5 0.0432  596 6 0.0384  596 7 0.0288  596 8 0.0192  596 9 0.0144  596 10 0.0096  596 11 0.0144  596 12 0.0192  596 13 0.0192  596 14 0.024  596 15 0.024  596 16 0.024  596 17 0.024  596 18 0.024  596 19 0.0288  596 20 0.0336  596 21 0.0336  596 22 0.0336  596 23 0.0288  
559 0 0.0264  559 1 0.036  559 2 0.0432  559 3 0.0528  559 4 0.0672  559 5 0.0792  559 6 0.084  559 7 0.0816  559 8 0.0744  559 9 0.0744  559 10 0.0768  559 11 0.0864  559 12 0.1008  559 13 0.1056  559 14 0.1032  559 15 0.0936  559 16 0.0744  559 17 0.0648  559 18 0.0552  559 19 0.0552  559 20 0.06  559 21 0.0624  559 22 0.0624  559 23 0.0576  
1537 0 0.091  1537 1 0.098  1537 2 0.105  1537 3 0.112  1537 4 0.126  1537 5 0.133  1537 6 0.133  1537 7 0.119  1537 8 0.105  1537 9 0.091  1537 10 0.084  1537 11 0.077  1537 12 0.077  1537 13 0.077  1537 14 0.063  1537 15 0.049  1537 16 0.028  1537 17 0.021  1537 18 0.014  1537 19 0.021  1537 20 0.042  1537 21 0.049  1537 22 0.056  1537 23 0.056  

6858 0 0  6858 1 0  6858 2 0  6858 3 0  6858 4 0  6858 5 0  6858 6 0  6858 7 0  6858 8 0  6858 9 0  6858 10 0  6858 11 0  6858 12 0  6858 13 0  6858 14 0  6858 15 0  6858 16 0  6858 17 0  6858 18 0  6858 19 0  6858 20 0  6858 21 0  6858 22 0  6858 23 0  
;

param t := 
1858 725 0.111138  
1858 596 0.142943  
1858 559 0.187299  
1858 1537 0.229555  
725 6858 0.196308  
725 596 0.0827918  
725 559 0.127147  
725 1537 0.169403  
596 6858 0.238199  
596 725 0.0696822  
596 559 0.0443555  
596 1537 0.0866114  
559 6858 0.309725  
559 725 0.142281  
559 596 0.0725987  
559 1537 0.0817766  
1537 6858 0.380945  
1537 725 0.217537  
1537 596 0.147854  
1537 559 0.104924  
;

