param o := 398 ;
param s := 5398 ;

set R := 824 330 819 295 ;
set M := 0 1 2 3 4 5 6 7 8 9 10 11 12 13 14 15 16 17 18 19 20 21 22 23 ;
param TTI := 
0 0
1 1
2 2
3 3
4 4
5 5
6 6
7 7
8 8
9 9
10 10
11 11
12 12
13 13
14 14
15 15
16 16
17 17
18 18
19 19
20 20
21 21
22 22
23 23
;

param TTF := 
0 1
1 2
2 3
3 4
4 5
5 6
6 7
7 8
8 9
9 10
10 11
11 12
12 13
13 14
14 15
15 16
16 17
17 18
18 19
19 20
20 21
21 22
22 23
23 24
;

param tf := 
398 0 0.098  398 1 0.0931  398 2 0.0931  398 3 0.0882  398 4 0.0833  398 5 0.0833  398 6 0.0833  398 7 0.0882  398 8 0.098  398 9 0.1029  398 10 0.1029  398 11 0.1029  398 12 0.098  398 13 0.0931  398 14 0.0931  398 15 0.0882  398 16 0.0882  398 17 0.0833  398 18 0.0833  398 19 0.0735  398 20 0.0686  398 21 0.0588  398 22 0.0539  398 23 0.049  
824 0 0.3069  824 1 0.3162  824 2 0.3162  824 3 0.3255  824 4 0.3348  824 5 0.3348  824 6 0.2976  824 7 0.2418  824 8 0.1581  824 9 0.1116  824 10 0.093  824 11 0.1023  824 12 0.1395  824 13 0.1674  824 14 0.186  824 15 0.186  824 16 0.1767  824 17 0.1767  824 18 0.1953  824 19 0.2232  824 20 0.2604  824 21 0.2697  824 22 0.2511  824 23 0.2139  
330 0 0  330 1 0.0096  330 2 0.024  330 3 0.0336  330 4 0.0528  330 5 0.0768  330 6 0.0864  330 7 0.1008  330 8 0.1104  330 9 0.1248  330 10 0.144  330 11 0.1632  330 12 0.1872  330 13 0.1968  330 14 0.1968  330 15 0.1872  330 16 0.1632  330 17 0.1488  330 18 0.1488  330 19 0.1632  330 20 0.1872  330 21 0.2016  330 22 0.1968  330 23 0.1728  
819 0 0.0768  819 1 0.0792  819 2 0.084  819 3 0.0864  819 4 0.0936  819 5 0.1008  819 6 0.108  819 7 0.1176  819 8 0.1272  819 9 0.1344  819 10 0.132  819 11 0.1272  819 12 0.1152  819 13 0.1056  819 14 0.1008  819 15 0.1008  819 16 0.1032  819 17 0.1032  819 18 0.1032  819 19 0.1032  819 20 0.1032  819 21 0.1008  819 22 0.1008  819 23 0.1008  
295 0 0.168  295 1 0.161  295 2 0.161  295 3 0.154  295 4 0.147  295 5 0.147  295 6 0.161  295 7 0.189  295 8 0.231  295 9 0.252  295 10 0.245  295 11 0.224  295 12 0.182  295 13 0.161  295 14 0.147  295 15 0.154  295 16 0.175  295 17 0.196  295 18 0.224  295 19 0.245  295 20 0.266  295 21 0.294  295 22 0.322  295 23 0.343  

5398 0 0  5398 1 0  5398 2 0  5398 3 0  5398 4 0  5398 5 0  5398 6 0  5398 7 0  5398 8 0  5398 9 0  5398 10 0  5398 11 0  5398 12 0  5398 13 0  5398 14 0  5398 15 0  5398 16 0  5398 17 0  5398 18 0  5398 19 0  5398 20 0  5398 21 0  5398 22 0  5398 23 0  
;

param t := 
398 824 0.075256  
398 330 0.115659  
398 819 0.161972  
398 295 0.211884  
824 5398 0.075304  
824 330 0.15307  
824 819 0.0867157  
824 295 0.173391  
330 5398 0.104853  
330 824 0.174986  
330 819 0.10227  
330 295 0.117134  
819 5398 0.1605  
819 824 0.0851958  
819 330 0.167307  
819 295 0.0884769  
295 5398 0.186175  
295 824 0.172391  
295 330 0.187772  
295 819 0.0871955  
;

