param o := 410 ;
param s := 5410 ;

set R := 927 832 1819 364 ;
set M := 0 1 2 3 4 5 6 7 8 9 10 11 12 13 14 15 16 17 18 19 20 21 22 23 ;
param TTI := 
0 0
1 1
2 2
3 3
4 4
5 5
6 6
7 7
8 8
9 9
10 10
11 11
12 12
13 13
14 14
15 15
16 16
17 17
18 18
19 19
20 20
21 21
22 22
23 23
;

param TTF := 
0 1
1 2
2 3
3 4
4 5
5 6
6 7
7 8
8 9
9 10
10 11
11 12
12 13
13 14
14 15
15 16
16 17
17 18
18 19
19 20
20 21
21 22
22 23
23 24
;

param tf := 
410 0 0.098  410 1 0.098  410 2 0.1029  410 3 0.1029  410 4 0.1078  410 5 0.1029  410 6 0.0931  410 7 0.0784  410 8 0.049  410 9 0.0343  410 10 0.0294  410 11 0.0294  410 12 0.0441  410 13 0.0539  410 14 0.0588  410 15 0.0588  410 16 0.0539  410 17 0.0588  410 18 0.0637  410 19 0.0686  410 20 0.0833  410 21 0.0833  410 22 0.0784  410 23 0.0686  
927 0 0.3999  927 1 0.3906  927 2 0.3813  927 3 0.372  927 4 0.3534  927 5 0.3534  927 6 0.372  927 7 0.4092  927 8 0.465  927 9 0.4836  927 10 0.4929  927 11 0.4743  927 12 0.4278  927 13 0.3906  927 14 0.372  927 15 0.372  927 16 0.372  927 17 0.372  927 18 0.372  927 19 0.372  927 20 0.3627  927 21 0.372  927 22 0.3813  927 23 0.3906  
832 0 0.1872  832 1 0.168  832 2 0.1488  832 3 0.1296  832 4 0.0912  832 5 0.0672  832 6 0.0528  832 7 0.0576  832 8 0.072  832 9 0.0768  832 10 0.072  832 11 0.048  832 12 0.0144  832 13 0  832 14 0.0048  832 15 0.0288  832 16 0.072  832 17 0.1008  832 18 0.12  832 19 0.12  832 20 0.1104  832 21 0.1056  832 22 0.1056  832 23 0.1152  
1819 0 0.0216  1819 1 0.024  1819 2 0.024  1819 3 0.0264  1819 4 0.0288  1819 5 0.0312  1819 6 0.0312  1819 7 0.0288  1819 8 0.024  1819 9 0.0216  1819 10 0.0192  1819 11 0.0192  1819 12 0.0192  1819 13 0.0168  1819 14 0.0144  1819 15 0.012  1819 16 0.0072  1819 17 0.0048  1819 18 0.0048  1819 19 0.0048  1819 20 0.0096  1819 21 0.012  1819 22 0.0144  1819 23 0.0144  
364 0 0.119  364 1 0.126  364 2 0.133  364 3 0.14  364 4 0.147  364 5 0.161  364 6 0.175  364 7 0.189  364 8 0.203  364 9 0.21  364 10 0.21  364 11 0.203  364 12 0.182  364 13 0.168  364 14 0.161  364 15 0.161  364 16 0.161  364 17 0.168  364 18 0.168  364 19 0.168  364 20 0.161  364 21 0.161  364 22 0.161  364 23 0.161  

5410 0 0  5410 1 0  5410 2 0  5410 3 0  5410 4 0  5410 5 0  5410 6 0  5410 7 0  5410 8 0  5410 9 0  5410 10 0  5410 11 0  5410 12 0  5410 13 0  5410 14 0  5410 15 0  5410 16 0  5410 17 0  5410 18 0  5410 19 0  5410 20 0  5410 21 0  5410 22 0  5410 23 0  
;

param t := 
410 927 0.139171  
410 832 0.120403  
410 1819 0.157798  
410 364 0.125503  
927 5410 0.148525  
927 832 0.0884955  
927 1819 0.177596  
927 364 0.243498  
832 5410 0.116833  
832 927 0.085657  
832 1819 0.100099  
832 364 0.171103  
1819 5410 0.113993  
1819 927 0.186945  
1819 832 0.112287  
1819 364 0.100902  
364 5410 0.0960322  
364 927 0.227445  
364 832 0.182604  
364 1819 0.10316  
;

