param o := 1806 ;
param s := 6806 ;

set R := 1258 2050 877 2012 ;
set M := 0 1 2 3 4 5 6 7 8 9 10 11 12 13 14 15 16 17 18 19 20 21 22 23 ;
param TTI := 
0 0
1 1
2 2
3 3
4 4
5 5
6 6
7 7
8 8
9 9
10 10
11 11
12 12
13 13
14 14
15 15
16 16
17 17
18 18
19 19
20 20
21 21
22 22
23 23
;

param TTF := 
0 1
1 2
2 3
3 4
4 5
5 6
6 7
7 8
8 9
9 10
10 11
11 12
12 13
13 14
14 15
15 16
16 17
17 18
18 19
19 20
20 21
21 22
22 23
23 24
;

param tf := 
1806 0 0.1764  1806 1 0.147  1806 2 0.1225  1806 3 0.098  1806 4 0.0441  1806 5 0.0147  1806 6 0.0098  1806 7 0.0245  1806 8 0.0637  1806 9 0.0833  1806 10 0.0833  1806 11 0.0637  1806 12 0.0196  1806 13 0  1806 14 0  1806 15 0.0245  1806 16 0.0686  1806 17 0.098  1806 18 0.1127  1806 19 0.1127  1806 20 0.098  1806 21 0.098  1806 22 0.1078  1806 23 0.1323  
1258 0 0.1395  1258 1 0.1395  1258 2 0.1395  1258 3 0.1488  1258 4 0.1581  1258 5 0.1488  1258 6 0.1395  1258 7 0.1209  1258 8 0.0837  1258 9 0.0651  1258 10 0.0651  1258 11 0.093  1258 12 0.1302  1258 13 0.1581  1258 14 0.1674  1258 15 0.1767  1258 16 0.1674  1258 17 0.1581  1258 18 0.1488  1258 19 0.1395  1258 20 0.1302  1258 21 0.1116  1258 22 0.0837  1258 23 0.0651  
2050 0 0.0912  2050 1 0.0864  2050 2 0.0816  2050 3 0.0768  2050 4 0.0672  2050 5 0.0528  2050 6 0.0432  2050 7 0.0288  2050 8 0.0096  2050 9 0  2050 10 0.0048  2050 11 0.0144  2050 12 0.0336  2050 13 0.0432  2050 14 0.0528  2050 15 0.0528  2050 16 0.0528  2050 17 0.048  2050 18 0.048  2050 19 0.048  2050 20 0.0528  2050 21 0.0528  2050 22 0.0528  2050 23 0.0528  
877 0 0.024  877 1 0.024  877 2 0.0264  877 3 0.0264  877 4 0.0288  877 5 0.0264  877 6 0.024  877 7 0.0216  877 8 0.0144  877 9 0.012  877 10 0.012  877 11 0.0168  877 12 0.0216  877 13 0.0288  877 14 0.0312  877 15 0.0312  877 16 0.0312  877 17 0.0288  877 18 0.0264  877 19 0.024  877 20 0.0216  877 21 0.0192  877 22 0.0168  877 23 0.012  
2012 0 0.238  2012 1 0.238  2012 2 0.245  2012 3 0.252  2012 4 0.259  2012 5 0.259  2012 6 0.238  2012 7 0.21  2012 8 0.168  2012 9 0.154  2012 10 0.154  2012 11 0.175  2012 12 0.217  2012 13 0.245  2012 14 0.259  2012 15 0.252  2012 16 0.231  2012 17 0.203  2012 18 0.182  2012 19 0.154  2012 20 0.133  2012 21 0.105  2012 22 0.077  2012 23 0.056  

6806 0 0  6806 1 0  6806 2 0  6806 3 0  6806 4 0  6806 5 0  6806 6 0  6806 7 0  6806 8 0  6806 9 0  6806 10 0  6806 11 0  6806 12 0  6806 13 0  6806 14 0  6806 15 0  6806 16 0  6806 17 0  6806 18 0  6806 19 0  6806 20 0  6806 21 0  6806 22 0  6806 23 0  
;

param t := 
1806 1258 0.110653  
1806 2050 0.165471  
1806 877 0.228228  
1806 2012 0.184502  
1258 6806 0.114615  
1258 2050 0.210231  
1258 877 0.251432  
1258 2012 0.199356  
2050 6806 0.181568  
2050 1258 0.244604  
2050 877 0.154102  
2050 2012 0.172409  
877 6806 0.240872  
877 1258 0.252859  
877 2050 0.130807  
877 2012 0.0844476  
2012 6806 0.189379  
2012 1258 0.182925  
2012 2050 0.177737  
2012 877 0.0679786  
;

