param o := 410 ;
param s := 5410 ;

set R := 501 710 1016 1402 ;
set M := 0 1 2 3 4 5 6 7 8 9 10 11 12 13 14 15 16 17 18 19 20 21 22 23 ;
param TTI := 
0 0
1 1
2 2
3 3
4 4
5 5
6 6
7 7
8 8
9 9
10 10
11 11
12 12
13 13
14 14
15 15
16 16
17 17
18 18
19 19
20 20
21 21
22 22
23 23
;

param TTF := 
0 1
1 2
2 3
3 4
4 5
5 6
6 7
7 8
8 9
9 10
10 11
11 12
12 13
13 14
14 15
15 16
16 17
17 18
18 19
19 20
20 21
21 22
22 23
23 24
;

param tf := 
410 0 0.098  410 1 0.098  410 2 0.1029  410 3 0.1029  410 4 0.1078  410 5 0.1029  410 6 0.0931  410 7 0.0784  410 8 0.049  410 9 0.0343  410 10 0.0294  410 11 0.0294  410 12 0.0441  410 13 0.0539  410 14 0.0588  410 15 0.0588  410 16 0.0539  410 17 0.0588  410 18 0.0637  410 19 0.0686  410 20 0.0833  410 21 0.0833  410 22 0.0784  410 23 0.0686  
501 0 0.2325  501 1 0.2511  501 2 0.2697  501 3 0.2883  501 4 0.3162  501 5 0.3348  501 6 0.3255  501 7 0.3069  501 8 0.2697  501 9 0.2418  501 10 0.2139  501 11 0.2046  501 12 0.2046  501 13 0.186  501 14 0.1674  501 15 0.1302  501 16 0.0744  501 17 0.0465  501 18 0.0465  501 19 0.0651  501 20 0.1023  501 21 0.1302  501 22 0.1488  501 23 0.1488  
710 0 0.0528  710 1 0.072  710 2 0.0864  710 3 0.1056  710 4 0.1392  710 5 0.1584  710 6 0.1728  710 7 0.168  710 8 0.1536  710 9 0.1488  710 10 0.1536  710 11 0.1728  710 12 0.2016  710 13 0.216  710 14 0.2112  710 15 0.192  710 16 0.1536  710 17 0.1296  710 18 0.1152  710 19 0.1104  710 20 0.12  710 21 0.1248  710 22 0.1248  710 23 0.1152  
1016 0 0.0768  1016 1 0.0816  1016 2 0.0864  1016 3 0.0936  1016 4 0.1032  1016 5 0.108  1016 6 0.108  1016 7 0.0984  1016 8 0.0864  1016 9 0.0768  1016 10 0.0696  1016 11 0.0672  1016 12 0.0672  1016 13 0.06  1016 14 0.0528  1016 15 0.0408  1016 16 0.024  1016 17 0.0144  1016 18 0.0144  1016 19 0.0192  1016 20 0.0336  1016 21 0.0408  1016 22 0.048  1016 23 0.048  
1402 0 0.133  1402 1 0.126  1402 2 0.126  1402 3 0.119  1402 4 0.112  1402 5 0.112  1402 6 0.126  1402 7 0.147  1402 8 0.182  1402 9 0.196  1402 10 0.189  1402 11 0.175  1402 12 0.14  1402 13 0.126  1402 14 0.112  1402 15 0.119  1402 16 0.133  1402 17 0.154  1402 18 0.175  1402 19 0.189  1402 20 0.21  1402 21 0.231  1402 22 0.252  1402 23 0.273  

5410 0 0  5410 1 0  5410 2 0  5410 3 0  5410 4 0  5410 5 0  5410 6 0  5410 7 0  5410 8 0  5410 9 0  5410 10 0  5410 11 0  5410 12 0  5410 13 0  5410 14 0  5410 15 0  5410 16 0  5410 17 0  5410 18 0  5410 19 0  5410 20 0  5410 21 0  5410 22 0  5410 23 0  
;

param t := 
410 501 0.162808  
410 710 0.193676  
410 1016 0.170375  
410 1402 0.353225  
501 5410 0.178298  
501 710 0.110887  
501 1016 0.1145  
501 1402 0.323343  
710 5410 0.210383  
710 501 0.107589  
710 1016 0.113491  
710 1402 0.318105  
1016 5410 0.214838  
1016 501 0.152628  
1016 710 0.134704  
1016 1402 0.212784  
1402 5410 0.35529  
1402 501 0.35446  
1402 710 0.342598  
1402 1016 0.220706  
;

