param o := 999 ;
param s := 5999 ;

set R := 1336 1307 884 436 ;
set M := 0 1 2 3 4 5 6 7 8 9 10 11 12 13 14 15 16 17 18 19 20 21 22 23 ;
param TTI := 
0 0
1 1
2 2
3 3
4 4
5 5
6 6
7 7
8 8
9 9
10 10
11 11
12 12
13 13
14 14
15 15
16 16
17 17
18 18
19 19
20 20
21 21
22 22
23 23
;

param TTF := 
0 1
1 2
2 3
3 4
4 5
5 6
6 7
7 8
8 9
9 10
10 11
11 12
12 13
13 14
14 15
15 16
16 17
17 18
18 19
19 20
20 21
21 22
22 23
23 24
;

param tf := 
999 0 0.0637  999 1 0.0637  999 2 0.0637  999 3 0.0686  999 4 0.0735  999 5 0.0686  999 6 0.0637  999 7 0.0539  999 8 0.0392  999 9 0.0294  999 10 0.0294  999 11 0.0441  999 12 0.0588  999 13 0.0735  999 14 0.0784  999 15 0.0833  999 16 0.0784  999 17 0.0735  999 18 0.0686  999 19 0.0637  999 20 0.0588  999 21 0.049  999 22 0.0392  999 23 0.0294  
1336 0 0.1581  1336 1 0.1302  1336 2 0.1023  1336 3 0.0837  1336 4 0.0279  1336 5 0.0093  1336 6 0.0186  1336 7 0.0465  1336 8 0.1023  1336 9 0.1488  1336 10 0.1767  1336 11 0.1953  1336 12 0.1953  1336 13 0.2232  1336 14 0.2604  1336 15 0.3162  1336 16 0.3906  1336 17 0.4278  1336 18 0.4371  1336 19 0.4092  1336 20 0.3534  1336 21 0.3069  1336 22 0.2883  1336 23 0.279  
1307 0 0.24  1307 1 0.24  1307 2 0.24  1307 3 0.24  1307 4 0.24  1307 5 0.24  1307 6 0.2448  1307 7 0.2448  1307 8 0.2496  1307 9 0.2496  1307 10 0.2352  1307 11 0.216  1307 12 0.1824  1307 13 0.1632  1307 14 0.144  1307 15 0.1344  1307 16 0.1248  1307 17 0.1152  1307 18 0.0912  1307 19 0.0624  1307 20 0.0192  1307 21 0  1307 22 0  1307 23 0.0192  
884 0 0.0264  884 1 0.024  884 2 0.024  884 3 0.024  884 4 0.0216  884 5 0.0192  884 6 0.0192  884 7 0.0168  884 8 0.0144  884 9 0.0144  884 10 0.012  884 11 0.012  884 12 0.0096  884 13 0.0096  884 14 0.012  884 15 0.0144  884 16 0.0192  884 17 0.0216  884 18 0.0216  884 19 0.0216  884 20 0.0192  884 21 0.0168  884 22 0.0168  884 23 0.0168  
436 0 0  436 1 0.007  436 2 0.014  436 3 0.021  436 4 0.035  436 5 0.042  436 6 0.049  436 7 0.049  436 8 0.049  436 9 0.056  436 10 0.063  436 11 0.077  436 12 0.091  436 13 0.098  436 14 0.091  436 15 0.084  436 16 0.063  436 17 0.049  436 18 0.042  436 19 0.049  436 20 0.056  436 21 0.063  436 22 0.063  436 23 0.056  

5999 0 0  5999 1 0  5999 2 0  5999 3 0  5999 4 0  5999 5 0  5999 6 0  5999 7 0  5999 8 0  5999 9 0  5999 10 0  5999 11 0  5999 12 0  5999 13 0  5999 14 0  5999 15 0  5999 16 0  5999 17 0  5999 18 0  5999 19 0  5999 20 0  5999 21 0  5999 22 0  5999 23 0  
;

param t := 
999 1336 0.167056  
999 1307 0.19605  
999 884 0.163509  
999 436 0.0865067  
1336 5999 0.165538  
1336 1307 0.0896039  
1336 884 0.276175  
1336 436 0.256318  
1307 5999 0.206911  
1307 1336 0.0919667  
1307 884 0.195629  
1307 436 0.198489  
884 5999 0.117246  
884 1336 0.238196  
884 1307 0.179425  
884 436 0.101772  
436 5999 0.0690147  
436 1336 0.225829  
436 1307 0.204401  
436 884 0.114702  
;

