param o := 1306 ;
param s := 6306 ;

set R := 2118 1357 1416 1207 ;
set M := 0 1 2 3 4 5 6 7 8 9 10 11 12 13 14 15 16 17 18 19 20 21 22 23 ;
param TTI := 
0 0
1 1
2 2
3 3
4 4
5 5
6 6
7 7
8 8
9 9
10 10
11 11
12 12
13 13
14 14
15 15
16 16
17 17
18 18
19 19
20 20
21 21
22 22
23 23
;

param TTF := 
0 1
1 2
2 3
3 4
4 5
5 6
6 7
7 8
8 9
9 10
10 11
11 12
12 13
13 14
14 15
15 16
16 17
17 18
18 19
19 20
20 21
21 22
22 23
23 24
;

param tf := 
1306 0 0.2107  1306 1 0.1911  1306 2 0.1666  1306 3 0.1421  1306 4 0.1029  1306 5 0.0735  1306 6 0.0588  1306 7 0.0637  1306 8 0.0833  1306 9 0.0882  1306 10 0.0784  1306 11 0.0539  1306 12 0.0147  1306 13 0  1306 14 0.0049  1306 15 0.0294  1306 16 0.0833  1306 17 0.1127  1306 18 0.1323  1306 19 0.1372  1306 20 0.1225  1306 21 0.1176  1306 22 0.1176  1306 23 0.1274  
2118 0 0.3534  2118 1 0.3441  2118 2 0.3348  2118 3 0.3255  2118 4 0.2976  2118 5 0.2883  2118 6 0.2697  2118 7 0.2604  2118 8 0.2511  2118 9 0.2418  2118 10 0.2232  2118 11 0.1953  2118 12 0.1581  2118 13 0.1488  2118 14 0.1674  2118 15 0.2046  2118 16 0.2604  2118 17 0.279  2118 18 0.279  2118 19 0.2325  2118 20 0.1674  2118 21 0.1302  2118 22 0.1209  2118 23 0.1395  
1357 0 0.0192  1357 1 0.0192  1357 2 0.0192  1357 3 0.0192  1357 4 0.0192  1357 5 0.0192  1357 6 0.0144  1357 7 0.0144  1357 8 0.0096  1357 9 0.0144  1357 10 0.0192  1357 11 0.0288  1357 12 0.0432  1357 13 0.0528  1357 14 0.0624  1357 15 0.0672  1357 16 0.072  1357 17 0.0768  1357 18 0.0864  1357 19 0.1008  1357 20 0.12  1357 21 0.1296  1357 22 0.1296  1357 23 0.12  
1416 0 0.0336  1416 1 0.0312  1416 2 0.0312  1416 3 0.0288  1416 4 0.0264  1416 5 0.0264  1416 6 0.024  1416 7 0.024  1416 8 0.024  1416 9 0.0216  1416 10 0.0192  1416 11 0.0168  1416 12 0.0144  1416 13 0.0144  1416 14 0.0144  1416 15 0.0192  1416 16 0.024  1416 17 0.0264  1416 18 0.024  1416 19 0.0216  1416 20 0.0144  1416 21 0.012  1416 22 0.0096  1416 23 0.012  
1207 0 0.028  1207 1 0.035  1207 2 0.042  1207 3 0.049  1207 4 0.063  1207 5 0.077  1207 6 0.077  1207 7 0.07  1207 8 0.063  1207 9 0.056  1207 10 0.056  1207 11 0.063  1207 12 0.07  1207 13 0.077  1207 14 0.077  1207 15 0.07  1207 16 0.056  1207 17 0.049  1207 18 0.042  1207 19 0.042  1207 20 0.049  1207 21 0.049  1207 22 0.049  1207 23 0.042  

6306 0 0  6306 1 0  6306 2 0  6306 3 0  6306 4 0  6306 5 0  6306 6 0  6306 7 0  6306 8 0  6306 9 0  6306 10 0  6306 11 0  6306 12 0  6306 13 0  6306 14 0  6306 15 0  6306 16 0  6306 17 0  6306 18 0  6306 19 0  6306 20 0  6306 21 0  6306 22 0  6306 23 0  
;

param t := 
1306 2118 0.0441628  
1306 1357 0.108891  
1306 1416 0.183233  
1306 1207 0.246406  
2118 6306 0.102563  
2118 1357 0.0647285  
2118 1416 0.13907  
2118 1207 0.202243  
1357 6306 0.176568  
1357 2118 0.0740047  
1357 1416 0.074342  
1357 1207 0.137515  
1416 6306 0.250909  
1416 2118 0.148252  
1416 1357 0.0742477  
1416 1207 0.0631726  
1207 6306 0.312106  
1207 2118 0.205194  
1207 1357 0.131189  
1207 1416 0.0569413  
;

