param o := 1103 ;
param s := 6103 ;

set R := 2040 886 364 395 ;
set M := 0 1 2 3 4 5 6 7 8 9 10 11 12 13 14 15 16 17 18 19 20 21 22 23 ;
param TTI := 
0 0
1 1
2 2
3 3
4 4
5 5
6 6
7 7
8 8
9 9
10 10
11 11
12 12
13 13
14 14
15 15
16 16
17 17
18 18
19 19
20 20
21 21
22 22
23 23
;

param TTF := 
0 1
1 2
2 3
3 4
4 5
5 6
6 7
7 8
8 9
9 10
10 11
11 12
12 13
13 14
14 15
15 16
16 17
17 18
18 19
19 20
20 21
21 22
22 23
23 24
;

param tf := 
1103 0 0.1078  1103 1 0.1078  1103 2 0.1078  1103 3 0.1078  1103 4 0.1078  1103 5 0.1078  1103 6 0.098  1103 7 0.0882  1103 8 0.0784  1103 9 0.0735  1103 10 0.0686  1103 11 0.0686  1103 12 0.0686  1103 13 0.0686  1103 14 0.0637  1103 15 0.0441  1103 16 0.0294  1103 17 0.0245  1103 18 0.0294  1103 19 0.0539  1103 20 0.0882  1103 21 0.1127  1103 22 0.1225  1103 23 0.1176  
2040 0 0  2040 1 0.0093  2040 2 0.0279  2040 3 0.0465  2040 4 0.0744  2040 5 0.1023  2040 6 0.1302  2040 7 0.1581  2040 8 0.1767  2040 9 0.2046  2040 10 0.2232  2040 11 0.2418  2040 12 0.2604  2040 13 0.2511  2040 14 0.2232  2040 15 0.1767  2040 16 0.1116  2040 17 0.0744  2040 18 0.0651  2040 19 0.0744  2040 20 0.1116  2040 21 0.1302  2040 22 0.1488  2040 23 0.1581  
886 0 0.12  886 1 0.1248  886 2 0.1296  886 3 0.1296  886 4 0.1344  886 5 0.1344  886 6 0.12  886 7 0.096  886 8 0.0624  886 9 0.0432  886 10 0.0336  886 11 0.0384  886 12 0.0576  886 13 0.0672  886 14 0.072  886 15 0.0768  886 16 0.072  886 17 0.072  886 18 0.0768  886 19 0.0864  886 20 0.1056  886 21 0.1104  886 22 0.1008  886 23 0.0864  
364 0 0.0408  364 1 0.0432  364 2 0.0456  364 3 0.048  364 4 0.0504  364 5 0.0552  364 6 0.06  364 7 0.0648  364 8 0.0696  364 9 0.072  364 10 0.072  364 11 0.0696  364 12 0.0624  364 13 0.0576  364 14 0.0552  364 15 0.0552  364 16 0.0552  364 17 0.0576  364 18 0.0576  364 19 0.0576  364 20 0.0552  364 21 0.0552  364 22 0.0552  364 23 0.0552  
395 0 0  395 1 0  395 2 0.007  395 3 0.007  395 4 0.014  395 5 0.021  395 6 0.028  395 7 0.035  395 8 0.042  395 9 0.049  395 10 0.049  395 11 0.056  395 12 0.056  395 13 0.056  395 14 0.049  395 15 0.042  395 16 0.028  395 17 0.021  395 18 0.014  395 19 0.014  395 20 0.028  395 21 0.028  395 22 0.035  395 23 0.035  

6103 0 0  6103 1 0  6103 2 0  6103 3 0  6103 4 0  6103 5 0  6103 6 0  6103 7 0  6103 8 0  6103 9 0  6103 10 0  6103 11 0  6103 12 0  6103 13 0  6103 14 0  6103 15 0  6103 16 0  6103 17 0  6103 18 0  6103 19 0  6103 20 0  6103 21 0  6103 22 0  6103 23 0  
;

param t := 
1103 2040 0.123424  
1103 886 0.231003  
1103 364 0.334706  
1103 395 0.247359  
2040 6103 0.135282  
2040 886 0.139988  
2040 364 0.290744  
2040 395 0.218886  
886 6103 0.187046  
886 2040 0.152878  
886 364 0.1833  
886 395 0.110208  
364 6103 0.263849  
364 2040 0.274487  
364 886 0.172132  
364 395 0.0921218  
395 6103 0.17754  
395 2040 0.198254  
395 886 0.0978757  
395 364 0.109892  
;

