param o := 524 ;
param s := 5524 ;

set R := 1044 1780 1314 954 352 140 135 179 1563 ;
set M := 0 1 2 3 4 5 6 7 8 9 10 11 12 13 14 15 16 17 18 19 20 21 22 23 ;
param TTI := 
0 0
1 1
2 2
3 3
4 4
5 5
6 6
7 7
8 8
9 9
10 10
11 11
12 12
13 13
14 14
15 15
16 16
17 17
18 18
19 19
20 20
21 21
22 22
23 23
;

param TTF := 
0 1
1 2
2 3
3 4
4 5
5 6
6 7
7 8
8 9
9 10
10 11
11 12
12 13
13 14
14 15
15 16
16 17
17 18
18 19
19 20
20 21
21 22
22 23
23 24
;

param tf := 
524 0 0.2058  524 1 0.2009  524 2 0.196  524 3 0.1911  524 4 0.1813  524 5 0.1813  524 6 0.1911  524 7 0.2058  524 8 0.2352  524 9 0.2499  524 10 0.2499  524 11 0.2401  524 12 0.2205  524 13 0.2009  524 14 0.1911  524 15 0.1911  524 16 0.1911  524 17 0.1911  524 18 0.1911  524 19 0.1911  524 20 0.1862  524 21 0.1911  524 22 0.196  524 23 0.2009  
1044 0 0.0651  1044 1 0.0651  1044 2 0.0651  1044 3 0.0651  1044 4 0.0651  1044 5 0.0651  1044 6 0.0651  1044 7 0.0558  1044 8 0.0465  1044 9 0.0558  1044 10 0.0744  1044 11 0.1116  1044 12 0.1767  1044 13 0.2139  1044 14 0.2511  1044 15 0.2697  1044 16 0.279  1044 17 0.3069  1044 18 0.3534  1044 19 0.4092  1044 20 0.4836  1044 21 0.5208  1044 22 0.5208  1044 23 0.4836  
1780 0 0.0336  1780 1 0.0432  1780 2 0.0528  1780 3 0.0624  1780 4 0.0816  1780 5 0.0912  1780 6 0.096  1780 7 0.0864  1780 8 0.072  1780 9 0.0672  1780 10 0.0672  1780 11 0.0768  1780 12 0.0912  1780 13 0.1008  1780 14 0.1008  1780 15 0.0912  1780 16 0.072  1780 17 0.0624  1780 18 0.0576  1780 19 0.0576  1780 20 0.0624  1780 21 0.0624  1780 22 0.0576  1780 23 0.048  
1314 0 0.0144  1314 1 0.0192  1314 2 0.024  1314 3 0.0288  1314 4 0.0384  1314 5 0.0456  1314 6 0.048  1314 7 0.048  1314 8 0.0432  1314 9 0.0432  1314 10 0.0432  1314 11 0.0504  1314 12 0.0576  1314 13 0.06  1314 14 0.06  1314 15 0.0552  1314 16 0.0432  1314 17 0.036  1314 18 0.0312  1314 19 0.0312  1314 20 0.0336  1314 21 0.036  1314 22 0.036  1314 23 0.0336  
954 0 0.042  954 1 0.049  954 2 0.063  954 3 0.07  954 4 0.091  954 5 0.112  954 6 0.126  954 7 0.14  954 8 0.147  954 9 0.154  954 10 0.168  954 11 0.175  954 12 0.189  954 13 0.196  954 14 0.196  954 15 0.203  954 16 0.203  954 17 0.21  954 18 0.231  954 19 0.259  954 20 0.301  954 21 0.315  954 22 0.322  954 23 0.308  
352 0 0.1056  352 1 0.1056  352 2 0.1056  352 3 0.1056  352 4 0.1056  352 5 0.1056  352 6 0.1056  352 7 0.1056  352 8 0.1122  352 9 0.1056  352 10 0.1056  352 11 0.0924  352 12 0.0792  352 13 0.0726  352 14 0.066  352 15 0.0594  352 16 0.0528  352 17 0.0528  352 18 0.0396  352 19 0.0264  352 20 0.0066  352 21 0  352 22 0  352 23 0.0066  
140 0 0.0589  140 1 0.0589  140 2 0.0589  140 3 0.0589  140 4 0.0558  140 5 0.0589  140 6 0.062  140 7 0.0651  140 8 0.0682  140 9 0.0713  140 10 0.0744  140 11 0.0744  140 12 0.0713  140 13 0.0713  140 14 0.0744  140 15 0.0806  140 16 0.0868  140 17 0.0899  140 18 0.0868  140 19 0.0775  140 20 0.0651  140 21 0.0558  140 22 0.0527  140 23 0.0527  
135 0 0.018  135 1 0.045  135 2 0.081  135 3 0.108  135 4 0.171  135 5 0.216  135 6 0.234  135 7 0.225  135 8 0.198  135 9 0.18  135 10 0.162  135 11 0.135  135 12 0.126  135 13 0.108  135 14 0.099  135 15 0.081  135 16 0.063  135 17 0.063  135 18 0.072  135 19 0.099  135 20 0.135  135 21 0.153  135 22 0.162  135 23 0.144  
179 0 0  179 1 0.0154  179 2 0.0308  179 3 0.0462  179 4 0.077  179 5 0.1001  179 6 0.1155  179 7 0.1232  179 8 0.1232  179 9 0.1309  179 10 0.1463  179 11 0.1771  179 12 0.2079  179 13 0.2233  179 14 0.2233  179 15 0.2002  179 16 0.1463  179 17 0.1232  179 18 0.1078  179 19 0.1078  179 20 0.1309  179 21 0.1386  179 22 0.1463  179 23 0.1386  
1563 0 0.32  1563 1 0.328  1563 2 0.336  1563 3 0.344  1563 4 0.36  1563 5 0.344  1563 6 0.312  1563 7 0.24  1563 8 0.144  1563 9 0.072  1563 10 0.032  1563 11 0.024  1563 12 0.04  1563 13 0.056  1563 14 0.064  1563 15 0.072  1563 16 0.08  1563 17 0.08  1563 18 0.088  1563 19 0.088  1563 20 0.088  1563 21 0.088  1563 22 0.08  1563 23 0.072  

5524 0 0  5524 1 0  5524 2 0  5524 3 0  5524 4 0  5524 5 0  5524 6 0  5524 7 0  5524 8 0  5524 9 0  5524 10 0  5524 11 0  5524 12 0  5524 13 0  5524 14 0  5524 15 0  5524 16 0  5524 17 0  5524 18 0  5524 19 0  5524 20 0  5524 21 0  5524 22 0  5524 23 0  
;

param t := 
524 1044 0.109121  
524 1780 0.196888  
524 1314 0.28727  
524 954 0.287289  
524 352 0.215747  
524 140 0.217646  
524 135 0.190724  
524 179 0.146723  
524 1563 0.330174  
1044 5524 0.121435  
1044 1780 0.106464  
1044 1314 0.198209  
1044 954 0.242248  
1044 352 0.255582  
1044 140 0.283957  
1044 135 0.269547  
1044 179 0.231284  
1044 1563 0.244542  
1780 5524 0.222137  
1780 1044 0.101475  
1780 1314 0.114017  
1780 954 0.188419  
1780 352 0.312881  
1780 140 0.338245  
1780 135 0.34097  
1780 179 0.318639  
1780 1563 0.16035  
1314 5524 0.302229  
1314 1044 0.195361  
1314 1780 0.11385  
1314 954 0.116411  
1314 352 0.287516  
1314 140 0.33152  
1314 135 0.388787  
1314 179 0.371738  
1314 1563 0.0463333  
954 5524 0.287131  
954 1044 0.244274  
954 1780 0.218695  
954 1314 0.128036  
954 352 0.181175  
954 140 0.268264  
954 135 0.348171  
954 179 0.330427  
954 1563 0.092795  
352 5524 0.210767  
352 1044 0.231561  
352 1780 0.314744  
352 1314 0.259563  
352 954 0.175141  
352 140 0.159422  
352 135 0.244996  
352 179 0.227514  
352 1563 0.22283  
140 5524 0.216788  
140 1044 0.24903  
140 1780 0.329434  
140 1314 0.32685  
140 954 0.265519  
140 352 0.166333  
140 135 0.151886  
140 179 0.176973  
140 1563 0.340772  
135 5524 0.162401  
135 1044 0.226595  
135 1780 0.323184  
135 1314 0.373903  
135 954 0.332316  
135 352 0.23354  
135 140 0.147078  
135 179 0.066008  
135 1563 0.397116  
179 5524 0.11698  
179 1044 0.204623  
179 1780 0.297104  
179 1314 0.36256  
179 954 0.320302  
179 352 0.221478  
179 140 0.161575  
179 135 0.0648211  
179 1563 0.384078  
1563 5524 0.309224  
1563 1044 0.226271  
1563 1780 0.139948  
1563 1314 0.0523998  
1563 954 0.112267  
1563 352 0.283723  
1563 140 0.337967  
1563 135 0.395234  
1563 179 0.378185  
;

