param o := 369 ;
param s := 5369 ;

set R := 558 1077 2121 1445 1379 2048 966 608 391 ;
set M := 0 1 2 3 4 5 6 7 8 9 10 11 12 13 14 15 16 17 18 19 20 21 22 23 ;
param TTI := 
0 0
1 1
2 2
3 3
4 4
5 5
6 6
7 7
8 8
9 9
10 10
11 11
12 12
13 13
14 14
15 15
16 16
17 17
18 18
19 19
20 20
21 21
22 22
23 23
;

param TTF := 
0 1
1 2
2 3
3 4
4 5
5 6
6 7
7 8
8 9
9 10
10 11
11 12
12 13
13 14
14 15
15 16
16 17
17 18
18 19
19 20
20 21
21 22
22 23
23 24
;

param tf := 
369 0 0.0441  369 1 0.0441  369 2 0.0539  369 3 0.0539  369 4 0.0637  369 5 0.0735  369 6 0.0784  369 7 0.0882  369 8 0.0882  369 9 0.0931  369 10 0.1029  369 11 0.1127  369 12 0.1274  369 13 0.1323  369 14 0.1274  369 15 0.1078  369 16 0.0882  369 17 0.0784  369 18 0.0784  369 19 0.098  369 20 0.1274  369 21 0.1421  369 22 0.147  369 23 0.1421  
558 0 0.0279  558 1 0.0372  558 2 0.0465  558 3 0.0465  558 4 0.0651  558 5 0.0744  558 6 0.0744  558 7 0.0651  558 8 0.0465  558 9 0.0372  558 10 0.0465  558 11 0.0558  558 12 0.0744  558 13 0.093  558 14 0.0837  558 15 0.0744  558 16 0.0558  558 17 0.0372  558 18 0.0372  558 19 0.0372  558 20 0.0558  558 21 0.0651  558 22 0.0651  558 23 0.0651  
1077 0 0.1344  1077 1 0.1296  1077 2 0.1248  1077 3 0.12  1077 4 0.1104  1077 5 0.1056  1077 6 0.1056  1077 7 0.1104  1077 8 0.1248  1077 9 0.1296  1077 10 0.1248  1077 11 0.1152  1077 12 0.1008  1077 13 0.096  1077 14 0.096  1077 15 0.1056  1077 16 0.12  1077 17 0.1296  1077 18 0.1296  1077 19 0.1296  1077 20 0.1152  1077 21 0.1104  1077 22 0.1056  1077 23 0.1056  
2121 0 0.1128  2121 1 0.1104  2121 2 0.1056  2121 3 0.1032  2121 4 0.0936  2121 5 0.0864  2121 6 0.0792  2121 7 0.072  2121 8 0.0648  2121 9 0.06  2121 10 0.0528  2121 11 0.048  2121 12 0.0456  2121 13 0.0456  2121 14 0.0528  2121 15 0.0648  2121 16 0.084  2121 17 0.0936  2121 18 0.096  2121 19 0.0936  2121 20 0.084  2121 21 0.0792  2121 22 0.0744  2121 23 0.072  
1445 0 0.105  1445 1 0.098  1445 2 0.091  1445 3 0.084  1445 4 0.07  1445 5 0.063  1445 6 0.056  1445 7 0.049  1445 8 0.049  1445 9 0.049  1445 10 0.042  1445 11 0.028  1445 12 0.014  1445 13 0.007  1445 14 0.014  1445 15 0.021  1445 16 0.042  1445 17 0.056  1445 18 0.056  1445 19 0.056  1445 20 0.049  1445 21 0.042  1445 22 0.042  1445 23 0.042  
1379 0 0.0132  1379 1 0.0132  1379 2 0.0198  1379 3 0.0198  1379 4 0.033  1379 5 0.033  1379 6 0.0396  1379 7 0.0462  1379 8 0.0462  1379 9 0.0528  1379 10 0.0528  1379 11 0.0594  1379 12 0.0594  1379 13 0.066  1379 14 0.066  1379 15 0.066  1379 16 0.066  1379 17 0.066  1379 18 0.0726  1379 19 0.0858  1379 20 0.099  1379 21 0.099  1379 22 0.1056  1379 23 0.099  
2048 0 0.1085  2048 1 0.1116  2048 2 0.1147  2048 3 0.1147  2048 4 0.1209  2048 5 0.1178  2048 6 0.1054  2048 7 0.0806  2048 8 0.0496  2048 9 0.0248  2048 10 0.0124  2048 11 0.0093  2048 12 0.0124  2048 13 0.0186  2048 14 0.0217  2048 15 0.0248  2048 16 0.0248  2048 17 0.0279  2048 18 0.0279  2048 19 0.0279  2048 20 0.0279  2048 21 0.0279  2048 22 0.0279  2048 23 0.0248  
966 0 0.162  966 1 0.162  966 2 0.162  966 3 0.162  966 4 0.162  966 5 0.162  966 6 0.162  966 7 0.162  966 8 0.171  966 9 0.171  966 10 0.162  966 11 0.144  966 12 0.126  966 13 0.108  966 14 0.099  966 15 0.09  966 16 0.09  966 17 0.072  966 18 0.063  966 19 0.045  966 20 0.009  966 21 0  966 22 0  966 23 0.009  
608 0 0.1232  608 1 0.1232  608 2 0.1232  608 3 0.1309  608 4 0.1386  608 5 0.1309  608 6 0.1232  608 7 0.1001  608 8 0.0693  608 9 0.0616  608 10 0.0616  608 11 0.077  608 12 0.1078  608 13 0.1386  608 14 0.154  608 15 0.154  608 16 0.1463  608 17 0.1463  608 18 0.1309  608 19 0.1232  608 20 0.1078  608 21 0.1001  608 22 0.077  608 23 0.0539  
391 0 0.328  391 1 0.32  391 2 0.304  391 3 0.296  391 4 0.28  391 5 0.264  391 6 0.248  391 7 0.24  391 8 0.232  391 9 0.224  391 10 0.2  391 11 0.176  391 12 0.152  391 13 0.144  391 14 0.152  391 15 0.184  391 16 0.24  391 17 0.256  391 18 0.256  391 19 0.216  391 20 0.152  391 21 0.12  391 22 0.104  391 23 0.128  

5369 0 0  5369 1 0  5369 2 0  5369 3 0  5369 4 0  5369 5 0  5369 6 0  5369 7 0  5369 8 0  5369 9 0  5369 10 0  5369 11 0  5369 12 0  5369 13 0  5369 14 0  5369 15 0  5369 16 0  5369 17 0  5369 18 0  5369 19 0  5369 20 0  5369 21 0  5369 22 0  5369 23 0  
;

param t := 
369 558 0.112036  
369 1077 0.218213  
369 2121 0.324995  
369 1445 0.353627  
369 1379 0.377209  
369 2048 0.274901  
369 966 0.147074  
369 608 0.0830152  
369 391 0.0614119  
558 5369 0.133763  
558 1077 0.109166  
558 2121 0.219402  
558 1445 0.251536  
558 1379 0.260012  
558 2048 0.164962  
558 966 0.0380276  
558 608 0.0369396  
558 391 0.106598  
1077 5369 0.257302  
1077 558 0.132371  
1077 2121 0.141728  
1077 1445 0.203034  
1077 1379 0.15693  
1077 2048 0.0618119  
1077 966 0.102636  
1077 608 0.167365  
1077 391 0.231547  
2121 5369 0.381334  
2121 558 0.264035  
2121 1077 0.153213  
2121 1445 0.0957331  
2121 1379 0.100345  
2121 2048 0.113253  
2121 966 0.235371  
2121 608 0.299377  
2121 391 0.365092  
1445 5369 0.459212  
1445 558 0.341912  
1445 1077 0.233801  
1445 2121 0.0945019  
1445 1379 0.116731  
1445 2048 0.192915  
1445 966 0.31406  
1445 608 0.381486  
1445 391 0.442969  
1379 5369 0.381661  
1379 558 0.264362  
1379 1077 0.168385  
1379 2121 0.0850547  
1379 1445 0.0968647  
1379 2048 0.0939581  
1379 966 0.235703  
1379 608 0.28501  
1379 391 0.365876  
2048 5369 0.316284  
2048 558 0.191375  
2048 1077 0.081981  
2048 2121 0.108908  
2048 1445 0.197009  
2048 1379 0.100645  
2048 966 0.16164  
2048 608 0.211835  
2048 391 0.28921  
966 5369 0.168869  
966 558 0.0368462  
966 1077 0.104972  
966 2121 0.215207  
966 1445 0.247323  
966 1379 0.250811  
966 2048 0.155698  
966 608 0.0664543  
966 391 0.140433  
608 5369 0.13203  
608 558 0.0290203  
608 1077 0.135198  
608 2121 0.245433  
608 1445 0.276451  
608 1379 0.284536  
608 2048 0.190994  
608 966 0.064059  
608 391 0.105758  
391 5369 0.0550873  
391 558 0.107718  
391 1077 0.213895  
391 2121 0.320921  
391 1445 0.349179  
391 1379 0.365638  
391 2048 0.2704  
391 966 0.142756  
391 608 0.0834222  
;

