param o := 1624 ;
param s := 6624 ;

set R := 2090 2124 1445 1658 1655 2077 2058 2038 1101 ;
set M := 0 1 2 3 4 5 6 7 8 9 10 11 12 13 14 15 16 17 18 19 20 21 22 23 ;
param TTI := 
0 0
1 1
2 2
3 3
4 4
5 5
6 6
7 7
8 8
9 9
10 10
11 11
12 12
13 13
14 14
15 15
16 16
17 17
18 18
19 19
20 20
21 21
22 22
23 23
;

param TTF := 
0 1
1 2
2 3
3 4
4 5
5 6
6 7
7 8
8 9
9 10
10 11
11 12
12 13
13 14
14 15
15 16
16 17
17 18
18 19
19 20
20 21
21 22
22 23
23 24
;

param tf := 
1624 0 0.0147  1624 1 0.0147  1624 2 0.0147  1624 3 0.0147  1624 4 0.0147  1624 5 0.0147  1624 6 0.0147  1624 7 0.0147  1624 8 0.0098  1624 9 0.0147  1624 10 0.0196  1624 11 0.0294  1624 12 0.0392  1624 13 0.049  1624 14 0.0588  1624 15 0.0637  1624 16 0.0686  1624 17 0.0735  1624 18 0.0833  1624 19 0.098  1624 20 0.1127  1624 21 0.1225  1624 22 0.1225  1624 23 0.1127  
2090 0 0.093  2090 1 0.093  2090 2 0.093  2090 3 0.093  2090 4 0.093  2090 5 0.093  2090 6 0.0837  2090 7 0.0837  2090 8 0.0744  2090 9 0.0651  2090 10 0.0558  2090 11 0.0558  2090 12 0.0651  2090 13 0.0651  2090 14 0.0558  2090 15 0.0372  2090 16 0.0279  2090 17 0.0186  2090 18 0.0279  2090 19 0.0465  2090 20 0.0744  2090 21 0.1023  2090 22 0.1116  2090 23 0.1023  
2124 0 0.0144  2124 1 0.0144  2124 2 0.0144  2124 3 0.0192  2124 4 0.0192  2124 5 0.0192  2124 6 0.0192  2124 7 0.0144  2124 8 0.0048  2124 9 0.0048  2124 10 0.0048  2124 11 0.0048  2124 12 0.0096  2124 13 0.0144  2124 14 0.0192  2124 15 0.0192  2124 16 0.0192  2124 17 0.0192  2124 18 0.0192  2124 19 0.0192  2124 20 0.0192  2124 21 0.0192  2124 22 0.0144  2124 23 0.0144  
1445 0 0.036  1445 1 0.0336  1445 2 0.0312  1445 3 0.0288  1445 4 0.024  1445 5 0.0216  1445 6 0.0192  1445 7 0.0168  1445 8 0.0168  1445 9 0.0168  1445 10 0.0144  1445 11 0.0096  1445 12 0.0048  1445 13 0.0024  1445 14 0.0048  1445 15 0.0072  1445 16 0.0144  1445 17 0.0192  1445 18 0.0192  1445 19 0.0192  1445 20 0.0168  1445 21 0.0144  1445 22 0.0144  1445 23 0.0144  
1658 0 0.329  1658 1 0.322  1658 2 0.315  1658 3 0.301  1658 4 0.28  1658 5 0.273  1658 6 0.28  1658 7 0.294  1658 8 0.322  1658 9 0.343  1658 10 0.35  1658 11 0.35  1658 12 0.329  1658 13 0.322  1658 14 0.308  1658 15 0.301  1658 16 0.294  1658 17 0.287  1658 18 0.273  1658 19 0.252  1658 20 0.231  1658 21 0.203  1658 22 0.189  1658 23 0.168  
1655 0 0.0462  1655 1 0.066  1655 2 0.0792  1655 3 0.0924  1655 4 0.1188  1655 5 0.1386  1655 6 0.1518  1655 7 0.1452  1655 8 0.132  1655 9 0.132  1655 10 0.1386  1655 11 0.1518  1655 12 0.1782  1655 13 0.1914  1655 14 0.1848  1655 15 0.1716  1655 16 0.132  1655 17 0.1122  1655 18 0.099  1655 19 0.099  1655 20 0.1056  1655 21 0.1122  1655 22 0.1122  1655 23 0.1056  
2077 0 0.0837  2077 1 0.0744  2077 2 0.0651  2077 3 0.0558  2077 4 0.0403  2077 5 0.0279  2077 6 0.0248  2077 7 0.0248  2077 8 0.031  2077 9 0.0341  2077 10 0.031  2077 11 0.0217  2077 12 0.0062  2077 13 0  2077 14 0.0031  2077 15 0.0124  2077 16 0.031  2077 17 0.0434  2077 18 0.0527  2077 19 0.0527  2077 20 0.0496  2077 21 0.0465  2077 22 0.0465  2077 23 0.0527  
2058 0 0.423  2058 1 0.414  2058 2 0.396  2058 3 0.387  2058 4 0.36  2058 5 0.333  2058 6 0.324  2058 7 0.306  2058 8 0.297  2058 9 0.279  2058 10 0.261  2058 11 0.225  2058 12 0.189  2058 13 0.18  2058 14 0.198  2058 15 0.243  2058 16 0.306  2058 17 0.333  2058 18 0.324  2058 19 0.279  2058 20 0.198  2058 21 0.153  2058 22 0.135  2058 23 0.162  
2038 0 0.1848  2038 1 0.1771  2038 2 0.1617  2038 3 0.154  2038 4 0.1309  2038 5 0.1155  2038 6 0.1001  2038 7 0.0924  2038 8 0.0924  2038 9 0.0847  2038 10 0.077  2038 11 0.0539  2038 12 0.0308  2038 13 0.0154  2038 14 0.0231  2038 15 0.0385  2038 16 0.077  2038 17 0.1001  2038 18 0.1078  2038 19 0.1078  2038 20 0.0924  2038 21 0.077  2038 22 0.077  2038 23 0.0847  
1101 0 0.024  1101 1 0.032  1101 2 0.04  1101 3 0.048  1101 4 0.064  1101 5 0.072  1101 6 0.072  1101 7 0.072  1101 8 0.064  1101 9 0.064  1101 10 0.064  1101 11 0.08  1101 12 0.088  1101 13 0.096  1101 14 0.096  1101 15 0.088  1101 16 0.064  1101 17 0.056  1101 18 0.048  1101 19 0.048  1101 20 0.056  1101 21 0.056  1101 22 0.056  1101 23 0.048  

6624 0 0  6624 1 0  6624 2 0  6624 3 0  6624 4 0  6624 5 0  6624 6 0  6624 7 0  6624 8 0  6624 9 0  6624 10 0  6624 11 0  6624 12 0  6624 13 0  6624 14 0  6624 15 0  6624 16 0  6624 17 0  6624 18 0  6624 19 0  6624 20 0  6624 21 0  6624 22 0  6624 23 0  
;

param t := 
1624 2090 0.0121124  
1624 2124 0.0237793  
1624 1445 0.0720377  
1624 1658 0.106954  
1624 1655 0.145858  
1624 2077 0.165245  
1624 2058 0.190346  
1624 2038 0.208234  
1624 1101 0.236453  
2090 6624 0.0160646  
2090 2124 0.0116668  
2090 1445 0.0599253  
2090 1658 0.0948415  
2090 1655 0.133746  
2090 2077 0.153133  
2090 2058 0.178233  
2090 2038 0.196122  
2090 1101 0.224341  
2124 6624 0.0323137  
2124 2090 0.0162491  
2124 1445 0.0561523  
2124 1658 0.0910686  
2124 1655 0.122079  
2124 2077 0.141466  
2124 2058 0.166566  
2124 2038 0.184455  
2124 1101 0.212674  
1445 6624 0.0708308  
1445 2090 0.0547662  
1445 2124 0.0454042  
1445 1658 0.0349162  
1445 1655 0.0968491  
1445 2077 0.121939  
1445 2058 0.147039  
1445 2038 0.187355  
1445 1101 0.220511  
1658 6624 0.104841  
1658 2090 0.0887762  
1658 2124 0.0725271  
1658 1445 0.0376506  
1658 1655 0.0619328  
1658 2077 0.0870228  
1658 2058 0.112123  
1658 2038 0.152438  
1658 1101 0.185594  
1655 6624 0.115776  
1655 2090 0.0997115  
1655 2124 0.0834624  
1655 1445 0.0982407  
1655 1658 0.0634094  
1655 2077 0.0267836  
1655 2058 0.051884  
1655 2038 0.0921993  
1655 1101 0.125355  
2077 6624 0.130302  
2077 2090 0.114238  
2077 2124 0.0979887  
2077 1445 0.114635  
2077 1658 0.0830711  
2077 1655 0.0213717  
2077 2058 0.0251003  
2077 2038 0.0654157  
2077 1101 0.0985717  
2058 6624 0.153228  
2058 2090 0.137164  
2058 2124 0.120914  
2058 1445 0.137561  
2058 1658 0.105997  
2058 1655 0.0442974  
2058 2077 0.0229258  
2058 2038 0.0403153  
2058 1101 0.0734714  
2038 6624 0.161718  
2038 2090 0.145653  
2038 2124 0.129404  
2038 1445 0.146051  
2038 1658 0.12564  
2038 1655 0.0839474  
2038 2077 0.0625757  
2038 2058 0.0396499  
2038 1101 0.033156  
1101 6624 0.185704  
1101 2090 0.16964  
1101 2124 0.153391  
1101 1445 0.170037  
1101 1658 0.149626  
1101 1655 0.107934  
1101 2077 0.0865621  
1101 2058 0.0636364  
1101 2038 0.0239864  
;

