param o := 769 ;
param s := 5769 ;

set R := 1233 1296 1590 1336 637 2135 321 261 1576 ;
set M := 0 1 2 3 4 5 6 7 8 9 10 11 12 13 14 15 16 17 18 19 20 21 22 23 ;
param TTI := 
0 0
1 1
2 2
3 3
4 4
5 5
6 6
7 7
8 8
9 9
10 10
11 11
12 12
13 13
14 14
15 15
16 16
17 17
18 18
19 19
20 20
21 21
22 22
23 23
;

param TTF := 
0 1
1 2
2 3
3 4
4 5
5 6
6 7
7 8
8 9
9 10
10 11
11 12
12 13
13 14
14 15
15 16
16 17
17 18
18 19
19 20
20 21
21 22
22 23
23 24
;

param tf := 
769 0 0.0294  769 1 0.0392  769 2 0.049  769 3 0.0637  769 4 0.0784  769 5 0.0931  769 6 0.098  769 7 0.098  769 8 0.0882  769 9 0.0882  769 10 0.0882  769 11 0.1029  769 12 0.1176  769 13 0.1274  769 14 0.1225  769 15 0.1127  769 16 0.0882  769 17 0.0735  769 18 0.0686  769 19 0.0637  769 20 0.0686  769 21 0.0735  769 22 0.0735  769 23 0.0686  
1233 0 0.1116  1233 1 0.1488  1233 2 0.186  1233 3 0.2232  1233 4 0.2976  1233 5 0.3348  1233 6 0.3441  1233 7 0.3162  1233 8 0.2697  1233 9 0.2418  1233 10 0.2418  1233 11 0.2697  1233 12 0.3255  1233 13 0.3534  1233 14 0.3534  1233 15 0.3255  1233 16 0.2604  1233 17 0.2232  1233 18 0.2046  1233 19 0.2046  1233 20 0.2232  1233 21 0.2232  1233 22 0.2139  1233 23 0.1767  
1296 0 0.2112  1296 1 0.192  1296 2 0.168  1296 3 0.144  1296 4 0.1008  1296 5 0.072  1296 6 0.0576  1296 7 0.0672  1296 8 0.0816  1296 9 0.0864  1296 10 0.0816  1296 11 0.0528  1296 12 0.0192  1296 13 0  1296 14 0.0048  1296 15 0.0336  1296 16 0.0816  1296 17 0.1152  1296 18 0.1344  1296 19 0.1344  1296 20 0.1248  1296 21 0.12  1296 22 0.12  1296 23 0.1296  
1590 0 0.0024  1590 1 0.0048  1590 2 0.0072  1590 3 0.0096  1590 4 0.0168  1590 5 0.0216  1590 6 0.0216  1590 7 0.0216  1590 8 0.0192  1590 9 0.0168  1590 10 0.0144  1590 11 0.012  1590 12 0.012  1590 13 0.0096  1590 14 0.0096  1590 15 0.0072  1590 16 0.0072  1590 17 0.0048  1590 18 0.0072  1590 19 0.0096  1590 20 0.012  1590 21 0.0144  1590 22 0.0144  1590 23 0.0144  
1336 0 0.119  1336 1 0.098  1336 2 0.077  1336 3 0.063  1336 4 0.021  1336 5 0.007  1336 6 0.014  1336 7 0.035  1336 8 0.077  1336 9 0.112  1336 10 0.133  1336 11 0.147  1336 12 0.147  1336 13 0.168  1336 14 0.196  1336 15 0.238  1336 16 0.294  1336 17 0.322  1336 18 0.329  1336 19 0.308  1336 20 0.266  1336 21 0.231  1336 22 0.217  1336 23 0.21  
637 0 0.165  637 1 0.165  637 2 0.165  637 3 0.165  637 4 0.165  637 5 0.165  637 6 0.1518  637 7 0.1386  637 8 0.1254  637 9 0.1122  637 10 0.1056  637 11 0.1056  637 12 0.1056  637 13 0.1056  637 14 0.0924  637 15 0.0726  637 16 0.0462  637 17 0.033  637 18 0.0462  637 19 0.0792  637 20 0.132  637 21 0.1716  637 22 0.1848  637 23 0.1848  
2135 0 0.0248  2135 1 0.0217  2135 2 0.0217  2135 3 0.0186  2135 4 0.0155  2135 5 0.0124  2135 6 0.0124  2135 7 0.0124  2135 8 0.0155  2135 9 0.0186  2135 10 0.0155  2135 11 0.0155  2135 12 0.0124  2135 13 0.0093  2135 14 0.0093  2135 15 0.0124  2135 16 0.0155  2135 17 0.0155  2135 18 0.0155  2135 19 0.0155  2135 20 0.0124  2135 21 0.0093  2135 22 0.0093  2135 23 0.0124  
321 0 0  321 1 0.027  321 2 0.054  321 3 0.081  321 4 0.135  321 5 0.189  321 6 0.216  321 7 0.252  321 8 0.279  321 9 0.306  321 10 0.351  321 11 0.405  321 12 0.468  321 13 0.495  321 14 0.495  321 15 0.468  321 16 0.396  321 17 0.369  321 18 0.369  321 19 0.405  321 20 0.468  321 21 0.504  321 22 0.486  321 23 0.432  
261 0 0.0385  261 1 0.0539  261 2 0.0616  261 3 0.0693  261 4 0.0924  261 5 0.1078  261 6 0.1232  261 7 0.1386  261 8 0.1463  261 9 0.154  261 10 0.1617  261 11 0.1771  261 12 0.1848  261 13 0.1925  261 14 0.1925  261 15 0.2002  261 16 0.2002  261 17 0.2079  261 18 0.231  261 19 0.2541  261 20 0.2926  261 21 0.3157  261 22 0.3157  261 23 0.3003  
1576 0 0.232  1576 1 0.232  1576 2 0.224  1576 3 0.224  1576 4 0.208  1576 5 0.216  1576 6 0.232  1576 7 0.256  1576 8 0.304  1576 9 0.32  1576 10 0.32  1576 11 0.288  1576 12 0.248  1576 13 0.208  1576 14 0.192  1576 15 0.184  1576 16 0.192  1576 17 0.2  1576 18 0.216  1576 19 0.232  1576 20 0.248  1576 21 0.264  1576 22 0.296  1576 23 0.32  

5769 0 0  5769 1 0  5769 2 0  5769 3 0  5769 4 0  5769 5 0  5769 6 0  5769 7 0  5769 8 0  5769 9 0  5769 10 0  5769 11 0  5769 12 0  5769 13 0  5769 14 0  5769 15 0  5769 16 0  5769 17 0  5769 18 0  5769 19 0  5769 20 0  5769 21 0  5769 22 0  5769 23 0  
;

param t := 
769 1233 0.196316  
769 1296 0.455693  
769 1590 0.489977  
769 1336 0.455082  
769 637 0.549023  
769 2135 0.527764  
769 321 0.405189  
769 261 0.258099  
769 1576 0.360467  
1233 5769 0.243448  
1233 1296 0.35293  
1233 1590 0.416202  
1233 1336 0.385285  
1233 637 0.521804  
1233 2135 0.513149  
1233 321 0.369155  
1233 261 0.36159  
1233 1576 0.199819  
1296 5769 0.413506  
1296 1233 0.36004  
1296 1590 0.177308  
1296 1336 0.223954  
1296 637 0.389749  
1296 2135 0.407802  
1296 321 0.358764  
1296 261 0.429904  
1296 1576 0.30602  
1590 5769 0.453445  
1590 1233 0.419663  
1590 1296 0.171369  
1590 1336 0.142881  
1590 637 0.319189  
1590 2135 0.417659  
1590 321 0.398599  
1590 261 0.469223  
1590 1576 0.368777  
1336 5769 0.465603  
1336 1233 0.433162  
1336 1296 0.251859  
1336 1590 0.152309  
1336 637 0.204116  
1336 2135 0.341514  
1336 321 0.404338  
1336 261 0.490544  
1336 1576 0.381216  
637 5769 0.501966  
637 1233 0.536117  
637 1296 0.406974  
637 1590 0.317346  
637 1336 0.22766  
637 2135 0.180014  
637 321 0.211764  
637 261 0.356631  
637 1576 0.484341  
2135 5769 0.706497  
2135 1233 0.682732  
2135 1296 0.669373  
2135 1590 0.684571  
2135 1336 0.623879  
2135 637 0.434994  
2135 321 0.298276  
2135 261 0.465276  
2135 1576 0.633943  
321 5769 0.442752  
321 1233 0.403724  
321 1296 0.372446  
321 1590 0.406084  
321 1336 0.37124  
321 637 0.217757  
321 2135 0.121536  
321 261 0.181717  
321 1576 0.352735  
261 5769 0.282706  
261 1233 0.353968  
261 1296 0.415797  
261 1590 0.450081  
261 1336 0.415186  
261 637 0.342286  
261 2135 0.277133  
261 321 0.158395  
261 1576 0.387761  
1576 5769 0.423409  
1576 1233 0.221105  
1576 1296 0.309453  
1576 1590 0.375035  
1576 1336 0.335272  
1576 637 0.473386  
1576 2135 0.469041  
1576 321 0.351122  
1576 261 0.416991  
;

