param o := 710 ;
param s := 5710 ;

set R := 603 978 1108 1304 1302 895 636 455 220 ;
set M := 0 1 2 3 4 5 6 7 8 9 10 11 12 13 14 15 16 17 18 19 20 21 22 23 ;
param TTI := 
0 0
1 1
2 2
3 3
4 4
5 5
6 6
7 7
8 8
9 9
10 10
11 11
12 12
13 13
14 14
15 15
16 16
17 17
18 18
19 19
20 20
21 21
22 22
23 23
;

param TTF := 
0 1
1 2
2 3
3 4
4 5
5 6
6 7
7 8
8 9
9 10
10 11
11 12
12 13
13 14
14 15
15 16
16 17
17 18
18 19
19 20
20 21
21 22
22 23
23 24
;

param tf := 
710 0 0.0539  710 1 0.0735  710 2 0.0882  710 3 0.1078  710 4 0.1421  710 5 0.1617  710 6 0.1764  710 7 0.1715  710 8 0.1568  710 9 0.1519  710 10 0.1568  710 11 0.1764  710 12 0.2058  710 13 0.2205  710 14 0.2156  710 15 0.196  710 16 0.1568  710 17 0.1323  710 18 0.1176  710 19 0.1127  710 20 0.1225  710 21 0.1274  710 22 0.1274  710 23 0.1176  
603 0 0.1116  603 1 0.1209  603 2 0.1302  603 3 0.1395  603 4 0.1674  603 5 0.186  603 6 0.2046  603 7 0.2232  603 8 0.2232  603 9 0.2418  603 10 0.2604  603 11 0.2976  603 12 0.3255  603 13 0.3348  603 14 0.3255  603 15 0.279  603 16 0.2232  603 17 0.1953  603 18 0.2046  603 19 0.2511  603 20 0.3255  603 21 0.372  603 22 0.3813  603 23 0.3627  
978 0 0.0288  978 1 0.0288  978 2 0.0288  978 3 0.0288  978 4 0.024  978 5 0.024  978 6 0.0288  978 7 0.0336  978 8 0.0384  978 9 0.0432  978 10 0.0432  978 11 0.0384  978 12 0.0336  978 13 0.0288  978 14 0.024  978 15 0.0288  978 16 0.0288  978 17 0.0336  978 18 0.0384  978 19 0.0432  978 20 0.048  978 21 0.0528  978 22 0.0576  978 23 0.0624  
1108 0 0.012  1108 1 0.012  1108 2 0.012  1108 3 0.012  1108 4 0.012  1108 5 0.012  1108 6 0.012  1108 7 0.0096  1108 8 0.0096  1108 9 0.0096  1108 10 0.0144  1108 11 0.0216  1108 12 0.0312  1108 13 0.0384  1108 14 0.0456  1108 15 0.0504  1108 16 0.0504  1108 17 0.0552  1108 18 0.0624  1108 19 0.0744  1108 20 0.0888  1108 21 0.096  1108 22 0.096  1108 23 0.0888  
1304 0 0.126  1304 1 0.133  1304 2 0.133  1304 3 0.133  1304 4 0.147  1304 5 0.14  1304 6 0.133  1304 7 0.112  1304 8 0.077  1304 9 0.063  1304 10 0.063  1304 11 0.084  1304 12 0.119  1304 13 0.147  1304 14 0.161  1304 15 0.161  1304 16 0.154  1304 17 0.154  1304 18 0.14  1304 19 0.133  1304 20 0.119  1304 21 0.105  1304 22 0.084  1304 23 0.063  
1302 0 0.33  1302 1 0.3168  1302 2 0.3036  1302 3 0.2904  1302 4 0.264  1302 5 0.2442  1302 6 0.231  1302 7 0.2112  1302 8 0.2046  1302 9 0.1914  1302 10 0.1782  1302 11 0.1716  1302 12 0.1584  1302 13 0.1452  1302 14 0.1452  1302 15 0.1386  1302 16 0.1386  1302 17 0.1254  1302 18 0.1056  1302 19 0.0726  1302 20 0.0264  1302 21 0.0066  1302 22 0  1302 23 0.0198  
895 0 0.0062  895 1 0.0062  895 2 0.0062  895 3 0.0093  895 4 0.0093  895 5 0.0093  895 6 0.0093  895 7 0.0093  895 8 0.0062  895 9 0.0031  895 10 0.0031  895 11 0.0031  895 12 0.0062  895 13 0.0062  895 14 0.0062  895 15 0.0093  895 16 0.0093  895 17 0.0093  895 18 0.0093  895 19 0.0124  895 20 0.0155  895 21 0.0186  895 22 0.0186  895 23 0.0217  
636 0 0.108  636 1 0.108  636 2 0.108  636 3 0.108  636 4 0.108  636 5 0.108  636 6 0.108  636 7 0.117  636 8 0.126  636 9 0.126  636 10 0.135  636 11 0.135  636 12 0.135  636 13 0.135  636 14 0.135  636 15 0.144  636 16 0.162  636 17 0.162  636 18 0.162  636 19 0.144  636 20 0.117  636 21 0.099  636 22 0.099  636 23 0.099  
455 0 0.1694  455 1 0.1617  455 2 0.1463  455 3 0.1386  455 4 0.1232  455 5 0.1001  455 6 0.077  455 7 0.0539  455 8 0.0231  455 9 0.0077  455 10 0.0077  455 11 0.0231  455 12 0.0616  455 13 0.0847  455 14 0.1001  455 15 0.1001  455 16 0.0924  455 17 0.0924  455 18 0.0924  455 19 0.0924  455 20 0.0924  455 21 0.1001  455 22 0.1001  455 23 0.1001  
220 0 0.088  220 1 0.096  220 2 0.104  220 3 0.112  220 4 0.128  220 5 0.128  220 6 0.112  220 7 0.088  220 8 0.04  220 9 0.024  220 10 0.016  220 11 0.032  220 12 0.064  220 13 0.096  220 14 0.112  220 15 0.112  220 16 0.112  220 17 0.112  220 18 0.112  220 19 0.112  220 20 0.12  220 21 0.112  220 22 0.104  220 23 0.096  

5710 0 0  5710 1 0  5710 2 0  5710 3 0  5710 4 0  5710 5 0  5710 6 0  5710 7 0  5710 8 0  5710 9 0  5710 10 0  5710 11 0  5710 12 0  5710 13 0  5710 14 0  5710 15 0  5710 16 0  5710 17 0  5710 18 0  5710 19 0  5710 20 0  5710 21 0  5710 22 0  5710 23 0  
;

param t := 
710 603 0.0580824  
710 978 0.141525  
710 1108 0.197333  
710 1304 0.303096  
710 1302 0.306742  
710 895 0.213184  
710 636 0.106255  
710 455 0.0545221  
710 220 0.0580452  
603 5710 0.0572447  
603 978 0.0921042  
603 1108 0.147912  
603 1304 0.260903  
603 1302 0.261358  
603 895 0.164236  
603 636 0.0573063  
603 455 0.0971637  
603 220 0.101608  
978 5710 0.133045  
978 603 0.0758006  
978 1108 0.115667  
978 1304 0.221198  
978 1302 0.248896  
978 895 0.136239  
978 636 0.0597792  
978 455 0.180447  
978 220 0.177409  
1108 5710 0.221969  
1108 603 0.168575  
1108 978 0.102934  
1108 1304 0.11756  
1108 1302 0.150616  
1108 895 0.0823835  
1108 636 0.134229  
1108 455 0.260796  
1108 220 0.268599  
1304 5710 0.329289  
1304 603 0.275436  
1304 978 0.213763  
1304 1108 0.121881  
1304 1302 0.0408296  
1304 895 0.143366  
1304 636 0.245057  
1304 455 0.338958  
1304 220 0.380072  
1302 5710 0.313998  
1302 603 0.256768  
1302 978 0.239182  
1302 1108 0.162071  
1302 1304 0.049386  
1302 895 0.135514  
1302 636 0.230192  
1302 455 0.315467  
1302 220 0.364781  
895 5710 0.204802  
895 603 0.147557  
895 978 0.141214  
895 1108 0.111396  
895 1304 0.137119  
895 1302 0.146655  
895 636 0.121187  
895 455 0.215927  
895 220 0.249165  
636 5710 0.126914  
636 603 0.0696695  
636 978 0.0681693  
636 1108 0.154519  
636 1304 0.260213  
636 1302 0.249257  
636 895 0.146045  
636 455 0.149926  
636 220 0.171278  
455 5710 0.0582657  
455 603 0.0938029  
455 978 0.174168  
455 1108 0.232581  
455 1304 0.33635  
455 1302 0.312244  
455 895 0.21651  
455 636 0.133165  
455 220 0.0856187  
220 5710 0.0658708  
220 603 0.105272  
220 978 0.188715  
220 1108 0.244523  
220 1304 0.350654  
220 1302 0.384979  
220 895 0.259324  
220 636 0.153444  
220 455 0.0847012  
;

