param o := 211 ;
param s := 5211 ;

set R := 449 1673 878 886 821 2168 1372 1580 1285 ;
set M := 0 1 2 3 4 5 6 7 8 9 10 11 12 13 14 15 16 17 18 19 20 21 22 23 ;
param TTI := 
0 0
1 1
2 2
3 3
4 4
5 5
6 6
7 7
8 8
9 9
10 10
11 11
12 12
13 13
14 14
15 15
16 16
17 17
18 18
19 19
20 20
21 21
22 22
23 23
;

param TTF := 
0 1
1 2
2 3
3 4
4 5
5 6
6 7
7 8
8 9
9 10
10 11
11 12
12 13
13 14
14 15
15 16
16 17
17 18
18 19
19 20
20 21
21 22
22 23
23 24
;

param tf := 
211 0 0.0588  211 1 0.0637  211 2 0.0686  211 3 0.0735  211 4 0.0882  211 5 0.098  211 6 0.1078  211 7 0.1176  211 8 0.1176  211 9 0.1274  211 10 0.1372  211 11 0.1519  211 12 0.1715  211 13 0.1764  211 14 0.1715  211 15 0.147  211 16 0.1176  211 17 0.1029  211 18 0.1078  211 19 0.1274  211 20 0.1715  211 21 0.196  211 22 0.2009  211 23 0.1911  
449 0 0.2139  449 1 0.2046  449 2 0.186  449 3 0.1767  449 4 0.1488  449 5 0.1302  449 6 0.1023  449 7 0.0651  449 8 0.0279  449 9 0.0093  449 10 0.0093  449 11 0.0279  449 12 0.0744  449 13 0.1023  449 14 0.1209  449 15 0.1302  449 16 0.1209  449 17 0.1116  449 18 0.1116  449 19 0.1116  449 20 0.1209  449 21 0.1209  449 22 0.1209  449 23 0.1209  
1673 0 0.0336  1673 1 0.0432  1673 2 0.048  1673 3 0.0528  1673 4 0.0672  1673 5 0.072  1673 6 0.0672  1673 7 0.0576  1673 8 0.0384  1673 9 0.024  1673 10 0.0192  1673 11 0.024  1673 12 0.0336  1673 13 0.0432  1673 14 0.048  1673 15 0.0528  1673 16 0.0576  1673 17 0.0624  1673 18 0.072  1673 19 0.0864  1673 20 0.1008  1673 21 0.12  1673 22 0.1296  1673 23 0.144  
878 0 0.0768  878 1 0.084  878 2 0.0888  878 3 0.0936  878 4 0.1056  878 5 0.1104  878 6 0.108  878 7 0.1008  878 8 0.0888  878 9 0.0792  878 10 0.072  878 11 0.0672  878 12 0.0672  878 13 0.0624  878 14 0.0528  878 15 0.0408  878 16 0.024  878 17 0.0168  878 18 0.0144  878 19 0.0192  878 20 0.0336  878 21 0.0432  878 22 0.048  878 23 0.0504  
886 0 0.175  886 1 0.182  886 2 0.189  886 3 0.189  886 4 0.196  886 5 0.196  886 6 0.175  886 7 0.14  886 8 0.091  886 9 0.063  886 10 0.049  886 11 0.056  886 12 0.084  886 13 0.098  886 14 0.105  886 15 0.112  886 16 0.105  886 17 0.105  886 18 0.112  886 19 0.126  886 20 0.154  886 21 0.161  886 22 0.147  886 23 0.126  
821 0 0.1584  821 1 0.1518  821 2 0.1518  821 3 0.1452  821 4 0.1386  821 5 0.1452  821 6 0.1518  821 7 0.1716  821 8 0.198  821 9 0.2112  821 10 0.2112  821 11 0.1914  821 12 0.165  821 13 0.1386  821 14 0.1254  821 15 0.1254  821 16 0.1254  821 17 0.132  821 18 0.1452  821 19 0.1518  821 20 0.165  821 21 0.1782  821 22 0.198  821 23 0.2112  
2168 0 0.0558  2168 1 0.0527  2168 2 0.0465  2168 3 0.0434  2168 4 0.0341  2168 5 0.0279  2168 6 0.0279  2168 7 0.031  2168 8 0.0372  2168 9 0.0403  2168 10 0.0403  2168 11 0.0341  2168 12 0.0279  2168 13 0.0248  2168 14 0.0248  2168 15 0.0279  2168 16 0.0341  2168 17 0.0403  2168 18 0.0403  2168 19 0.0372  2168 20 0.0279  2168 21 0.0248  2168 22 0.0248  2168 23 0.0279  
1372 0 0.108  1372 1 0.099  1372 2 0.099  1372 3 0.099  1372 4 0.09  1372 5 0.081  1372 6 0.081  1372 7 0.072  1372 8 0.072  1372 9 0.072  1372 10 0.063  1372 11 0.054  1372 12 0.045  1372 13 0.045  1372 14 0.045  1372 15 0.063  1372 16 0.072  1372 17 0.081  1372 18 0.081  1372 19 0.072  1372 20 0.045  1372 21 0.036  1372 22 0.036  1372 23 0.036  
1580 0 0.0231  1580 1 0.0308  1580 2 0.0385  1580 3 0.0462  1580 4 0.0539  1580 5 0.0616  1580 6 0.0616  1580 7 0.0539  1580 8 0.0385  1580 9 0.0308  1580 10 0.0385  1580 11 0.0462  1580 12 0.0693  1580 13 0.077  1580 14 0.077  1580 15 0.0616  1580 16 0.0462  1580 17 0.0308  1580 18 0.0308  1580 19 0.0308  1580 20 0.0462  1580 21 0.0539  1580 22 0.0616  1580 23 0.0616  
1285 0 0.072  1285 1 0.072  1285 2 0.072  1285 3 0.072  1285 4 0.08  1285 5 0.08  1285 6 0.072  1285 7 0.064  1285 8 0.056  1285 9 0.048  1285 10 0.048  1285 11 0.056  1285 12 0.064  1285 13 0.072  1285 14 0.08  1285 15 0.072  1285 16 0.072  1285 17 0.064  1285 18 0.056  1285 19 0.048  1285 20 0.04  1285 21 0.032  1285 22 0.024  1285 23 0.016  

5211 0 0  5211 1 0  5211 2 0  5211 3 0  5211 4 0  5211 5 0  5211 6 0  5211 7 0  5211 8 0  5211 9 0  5211 10 0  5211 11 0  5211 12 0  5211 13 0  5211 14 0  5211 15 0  5211 16 0  5211 17 0  5211 18 0  5211 19 0  5211 20 0  5211 21 0  5211 22 0  5211 23 0  
;

param t := 
211 449 0.119238  
211 1673 0.157795  
211 878 0.2027  
211 886 0.224736  
211 821 0.340679  
211 2168 0.328754  
211 1372 0.31709  
211 1580 0.435321  
211 1285 0.424433  
449 5211 0.124588  
449 1673 0.162617  
449 878 0.189508  
449 886 0.213642  
449 821 0.291927  
449 2168 0.321047  
449 1372 0.330997  
449 1580 0.449228  
449 1285 0.382711  
1673 5211 0.165406  
1673 449 0.147818  
1673 878 0.205925  
1673 886 0.212819  
1673 821 0.331457  
1673 2168 0.231453  
1673 1372 0.27192  
1673 1580 0.390151  
1673 1285 0.382307  
878 5211 0.239761  
878 449 0.231232  
878 1673 0.215197  
878 886 0.0465349  
878 821 0.167253  
878 2168 0.289592  
878 1372 0.258226  
878 1580 0.376456  
878 1285 0.232087  
886 5211 0.246904  
886 449 0.222244  
886 1673 0.2122  
886 878 0.0584959  
886 821 0.120718  
886 2168 0.321611  
886 1372 0.253714  
886 1580 0.371286  
886 1285 0.204029  
821 5211 0.360661  
821 449 0.298263  
821 1673 0.347934  
821 878 0.174698  
821 886 0.116202  
821 2168 0.344894  
821 1372 0.211922  
821 1580 0.330279  
821 1285 0.0973966  
2168 5211 0.353234  
2168 449 0.332936  
2168 1673 0.249561  
2168 878 0.315665  
2168 886 0.358598  
2168 821 0.465811  
2168 1372 0.1924  
2168 1580 0.26914  
2168 1285 0.365295  
1372 5211 0.357034  
1372 449 0.344376  
1372 1673 0.274444  
1372 878 0.248466  
1372 886 0.258478  
1372 821 0.299711  
1372 2168 0.167696  
1372 1580 0.12752  
1372 1285 0.218582  
1580 5211 0.474221  
1580 449 0.461562  
1580 1673 0.397184  
1580 878 0.380614  
1580 886 0.377439  
1580 821 0.408574  
1580 2168 0.257391  
1580 1372 0.13211  
1580 1285 0.295829  
1285 5211 0.398705  
1285 449 0.371191  
1285 1673 0.361057  
1285 878 0.212351  
1285 886 0.153855  
1285 821 0.130843  
1285 2168 0.275253  
1285 1372 0.136307  
1285 1580 0.257995  
;

