param o := 953 ;
param s := 5953 ;

set R := 1601 1275 822 905 1348 1650 1621 1429 2057 ;
set M := 0 1 2 3 4 5 6 7 8 9 10 11 12 13 14 15 16 17 18 19 20 21 22 23 ;
param TTI := 
0 0
1 1
2 2
3 3
4 4
5 5
6 6
7 7
8 8
9 9
10 10
11 11
12 12
13 13
14 14
15 15
16 16
17 17
18 18
19 19
20 20
21 21
22 22
23 23
;

param TTF := 
0 1
1 2
2 3
3 4
4 5
5 6
6 7
7 8
8 9
9 10
10 11
11 12
12 13
13 14
14 15
15 16
16 17
17 18
18 19
19 20
20 21
21 22
22 23
23 24
;

param tf := 
953 0 0.1323  953 1 0.1372  953 2 0.1421  953 3 0.147  953 4 0.1568  953 5 0.1715  953 6 0.1862  953 7 0.2009  953 8 0.2205  953 9 0.2254  953 10 0.2254  953 11 0.2156  953 12 0.196  953 13 0.1813  953 14 0.1715  953 15 0.1715  953 16 0.1764  953 17 0.1764  953 18 0.1764  953 19 0.1764  953 20 0.1764  953 21 0.1715  953 22 0.1715  953 23 0.1715  
1601 0 0.0465  1601 1 0.0558  1601 2 0.0651  1601 3 0.0837  1601 4 0.1023  1601 5 0.1302  1601 6 0.1395  1601 7 0.1581  1601 8 0.1674  1601 9 0.1767  1601 10 0.186  1601 11 0.1953  1601 12 0.2139  1601 13 0.2232  1601 14 0.2232  1601 15 0.2325  1601 16 0.2325  1601 17 0.2418  1601 18 0.2604  1601 19 0.2976  1601 20 0.3348  1601 21 0.3627  1601 22 0.3627  1601 23 0.3441  
1275 0 0.0624  1275 1 0.0624  1275 2 0.0624  1275 3 0.0624  1275 4 0.0672  1275 5 0.0672  1275 6 0.0576  1275 7 0.0432  1275 8 0.0288  1275 9 0.0144  1275 10 0.0048  1275 11 0.0048  1275 12 0.0048  1275 13 0.0096  1275 14 0.0144  1275 15 0.0144  1275 16 0.0144  1275 17 0.0144  1275 18 0.0144  1275 19 0.0144  1275 20 0.0144  1275 21 0.0144  1275 22 0.0144  1275 23 0.0144  
822 0 0.0648  822 1 0.0648  822 2 0.0648  822 3 0.0648  822 4 0.0648  822 5 0.0648  822 6 0.0672  822 7 0.072  822 8 0.0768  822 9 0.0792  822 10 0.0816  822 11 0.0816  822 12 0.0792  822 13 0.0792  822 14 0.084  822 15 0.0888  822 16 0.0984  822 17 0.1008  822 18 0.096  822 19 0.0888  822 20 0.072  822 21 0.0624  822 22 0.0576  822 23 0.06  
905 0 0.315  905 1 0.301  905 2 0.294  905 3 0.287  905 4 0.266  905 5 0.259  905 6 0.266  905 7 0.28  905 8 0.308  905 9 0.322  905 10 0.329  905 11 0.329  905 12 0.315  905 13 0.301  905 14 0.294  905 15 0.287  905 16 0.28  905 17 0.273  905 18 0.259  905 19 0.238  905 20 0.217  905 21 0.196  905 22 0.175  905 23 0.161  
1348 0 0.1914  1348 1 0.1914  1348 2 0.198  1348 3 0.198  1348 4 0.2112  1348 5 0.2046  1348 6 0.1848  1348 7 0.1518  1348 8 0.099  1348 9 0.066  1348 10 0.0528  1348 11 0.0594  1348 12 0.0858  1348 13 0.1056  1348 14 0.1122  1348 15 0.1188  1348 16 0.1122  1348 17 0.1122  1348 18 0.1254  1348 19 0.1386  1348 20 0.1584  1348 21 0.165  1348 22 0.1584  1348 23 0.132  
1650 0 0.0558  1650 1 0.0744  1650 2 0.0899  1650 3 0.1085  1650 4 0.1426  1650 5 0.1643  1650 6 0.1674  1650 7 0.155  1650 8 0.1302  1650 9 0.1147  1650 10 0.1147  1650 11 0.1302  1650 12 0.1581  1650 13 0.1705  1650 14 0.1705  1650 15 0.155  1650 16 0.1271  1650 17 0.1085  1650 18 0.0992  1650 19 0.0992  1650 20 0.1085  1650 21 0.1085  1650 22 0.1023  1650 23 0.0837  
1621 0 0.405  1621 1 0.414  1621 2 0.423  1621 3 0.423  1621 4 0.45  1621 5 0.441  1621 6 0.396  1621 7 0.324  1621 8 0.207  1621 9 0.144  1621 10 0.117  1621 11 0.135  1621 12 0.18  1621 13 0.216  1621 14 0.243  1621 15 0.252  1621 16 0.234  1621 17 0.243  1621 18 0.261  1621 19 0.288  1621 20 0.342  1621 21 0.36  1621 22 0.333  1621 23 0.279  
1429 0 0.0616  1429 1 0.0539  1429 2 0.0462  1429 3 0.0462  1429 4 0.0308  1429 5 0.0385  1429 6 0.0693  1429 7 0.1078  1429 8 0.1694  1429 9 0.2079  1429 10 0.2156  1429 11 0.2079  1429 12 0.1848  1429 13 0.1617  1429 14 0.1463  1429 15 0.1463  1429 16 0.154  1429 17 0.154  1429 18 0.1386  1429 19 0.1232  1429 20 0.0924  1429 21 0.0847  1429 22 0.1001  1429 23 0.1309  
2057 0 0.224  2057 1 0.224  2057 2 0.224  2057 3 0.224  2057 4 0.216  2057 5 0.224  2057 6 0.232  2057 7 0.248  2057 8 0.264  2057 9 0.272  2057 10 0.28  2057 11 0.28  2057 12 0.28  2057 13 0.28  2057 14 0.288  2057 15 0.312  2057 16 0.336  2057 17 0.344  2057 18 0.336  2057 19 0.304  2057 20 0.248  2057 21 0.216  2057 22 0.2  2057 23 0.208  

5953 0 0  5953 1 0  5953 2 0  5953 3 0  5953 4 0  5953 5 0  5953 6 0  5953 7 0  5953 8 0  5953 9 0  5953 10 0  5953 11 0  5953 12 0  5953 13 0  5953 14 0  5953 15 0  5953 16 0  5953 17 0  5953 18 0  5953 19 0  5953 20 0  5953 21 0  5953 22 0  5953 23 0  
;

param t := 
953 1601 0.12082  
953 1275 0.225078  
953 822 0.187986  
953 905 0.120556  
953 1348 0.140757  
953 1650 0.208182  
953 1621 0.284576  
953 1429 0.248242  
953 2057 0.197429  
1601 5953 0.118779  
1601 1275 0.124892  
1601 822 0.128416  
1601 905 0.142024  
1601 1348 0.141823  
1601 1650 0.209249  
1601 1621 0.285632  
1601 1429 0.249308  
1601 2057 0.230056  
1275 5953 0.223267  
1275 1601 0.118456  
1275 822 0.154518  
1275 905 0.224829  
1275 1348 0.248182  
1275 1650 0.313737  
1275 1621 0.388167  
1275 1429 0.352604  
1275 2057 0.337237  
822 5953 0.203549  
822 1601 0.100863  
822 1275 0.133402  
822 905 0.12123  
822 1348 0.230589  
822 1650 0.297496  
822 1621 0.368781  
822 1429 0.333218  
822 2057 0.320499  
905 5953 0.0885441  
905 1601 0.151726  
905 1275 0.207418  
905 822 0.119703  
905 1348 0.2248  
905 1650 0.295216  
905 1621 0.310408  
905 1429 0.275741  
905 2057 0.199905  
1348 5953 0.141784  
1348 1601 0.212147  
1348 1275 0.319692  
1348 822 0.318475  
1348 905 0.230137  
1348 1650 0.0994024  
1348 1621 0.168116  
1348 1429 0.131409  
1348 2057 0.0882326  
1650 5953 0.219119  
1650 1601 0.291481  
1650 1275 0.401925  
1650 822 0.400018  
1650 905 0.327419  
1650 1348 0.0998527  
1650 1621 0.119585  
1650 1429 0.111278  
1650 2057 0.147116  
1621 5953 0.319493  
1621 1601 0.388777  
1621 1275 0.499168  
1621 822 0.495918  
1621 905 0.401193  
1621 1348 0.197689  
1621 1650 0.10588  
1621 1429 0.107878  
1621 2057 0.168345  
1429 5953 0.273934  
1429 1601 0.34767  
1429 1275 0.458062  
1429 822 0.440451  
1429 905 0.342232  
1429 1348 0.147164  
1429 1650 0.107326  
1429 1621 0.11059  
1429 2057 0.10703  
2057 5953 0.189554  
2057 1601 0.307518  
2057 1275 0.41791  
2057 822 0.340702  
2057 905 0.248178  
2057 1348 0.0917415  
2057 1650 0.123341  
2057 1621 0.126605  
2057 1429 0.0898976  
;

