param o := 2021 ;
param s := 7021 ;

set R := 362 1414 1280 104 1800 815 449 1317 1206 ;
set M := 0 1 2 3 4 5 6 7 8 9 10 11 12 13 14 15 16 17 18 19 20 21 22 23 ;
param TTI := 
0 0
1 1
2 2
3 3
4 4
5 5
6 6
7 7
8 8
9 9
10 10
11 11
12 12
13 13
14 14
15 15
16 16
17 17
18 18
19 19
20 20
21 21
22 22
23 23
;

param TTF := 
0 1
1 2
2 3
3 4
4 5
5 6
6 7
7 8
8 9
9 10
10 11
11 12
12 13
13 14
14 15
15 16
16 17
17 18
18 19
19 20
20 21
21 22
22 23
23 24
;

param tf := 
2021 0 0.1617  2021 1 0.147  2021 2 0.1323  2021 3 0.1176  2021 4 0.0931  2021 5 0.0735  2021 6 0.0637  2021 7 0.0686  2021 8 0.0784  2021 9 0.0882  2021 10 0.098  2021 11 0.1078  2021 12 0.1127  2021 13 0.1176  2021 14 0.1274  2021 15 0.1323  2021 16 0.1372  2021 17 0.1421  2021 18 0.1372  2021 19 0.1274  2021 20 0.1078  2021 21 0.098  2021 22 0.098  2021 23 0.1029  
362 0 0.1116  362 1 0.1116  362 2 0.1116  362 3 0.1209  362 4 0.1209  362 5 0.1209  362 6 0.1023  362 7 0.0837  362 8 0.0465  362 9 0.0279  362 10 0.0093  362 11 0.0093  362 12 0.0093  362 13 0.0186  362 14 0.0186  362 15 0.0279  362 16 0.0279  362 17 0.0279  362 18 0.0279  362 19 0.0279  362 20 0.0279  362 21 0.0279  362 22 0.0279  362 23 0.0279  
1414 0 0.1104  1414 1 0.1056  1414 2 0.1056  1414 3 0.1008  1414 4 0.096  1414 5 0.096  1414 6 0.1056  1414 7 0.1248  1414 8 0.1488  1414 9 0.1632  1414 10 0.1632  1414 11 0.1488  1414 12 0.12  1414 13 0.1056  1414 14 0.096  1414 15 0.1008  1414 16 0.1152  1414 17 0.1296  1414 18 0.144  1414 19 0.1632  1414 20 0.1776  1414 21 0.192  1414 22 0.2112  1414 23 0.2256  
1280 0 0.0624  1280 1 0.0648  1280 2 0.0648  1280 3 0.0672  1280 4 0.0696  1280 5 0.0672  1280 6 0.06  1280 7 0.0456  1280 8 0.0288  1280 9 0.0144  1280 10 0.0072  1280 11 0.0048  1280 12 0.0072  1280 13 0.012  1280 14 0.012  1280 15 0.0144  1280 16 0.0144  1280 17 0.0168  1280 18 0.0168  1280 19 0.0168  1280 20 0.0168  1280 21 0.0168  1280 22 0.0168  1280 23 0.0144  
104 0 0.182  104 1 0.161  104 2 0.154  104 3 0.14  104 4 0.112  104 5 0.091  104 6 0.091  104 7 0.098  104 8 0.119  104 9 0.126  104 10 0.126  104 11 0.112  104 12 0.084  104 13 0.077  104 14 0.077  104 15 0.084  104 16 0.112  104 17 0.126  104 18 0.126  104 19 0.112  104 20 0.091  104 21 0.077  104 22 0.077  104 23 0.084  
1800 0 0.066  1800 1 0.0594  1800 2 0.0462  1800 3 0.033  1800 4 0.0132  1800 5 0.0066  1800 6 0.0066  1800 7 0.0198  1800 8 0.0462  1800 9 0.066  1800 10 0.0792  1800 11 0.0858  1800 12 0.0858  1800 13 0.099  1800 14 0.1122  1800 15 0.1386  1800 16 0.1716  1800 17 0.1848  1800 18 0.1914  1800 19 0.1782  1800 20 0.1518  1800 21 0.1386  1800 22 0.1254  1800 23 0.1254  
815 0 0.062  815 1 0.0651  815 2 0.0651  815 3 0.0651  815 4 0.0682  815 5 0.0682  815 6 0.0651  815 7 0.0558  815 8 0.0465  815 9 0.0403  815 10 0.0403  815 11 0.0465  815 12 0.0589  815 13 0.0651  815 14 0.0682  815 15 0.0651  815 16 0.062  815 17 0.0558  815 18 0.0465  815 19 0.0403  815 20 0.0341  815 21 0.0279  815 22 0.0217  815 23 0.0155  
449 0 0.207  449 1 0.198  449 2 0.18  449 3 0.171  449 4 0.144  449 5 0.126  449 6 0.099  449 7 0.063  449 8 0.027  449 9 0.009  449 10 0.009  449 11 0.027  449 12 0.072  449 13 0.099  449 14 0.117  449 15 0.126  449 16 0.117  449 17 0.108  449 18 0.108  449 19 0.108  449 20 0.117  449 21 0.117  449 22 0.117  449 23 0.117  
1317 0 0  1317 1 0.0077  1317 2 0.0231  1317 3 0.0385  1317 4 0.0616  1317 5 0.0924  1317 6 0.1155  1317 7 0.1386  1317 8 0.1617  1317 9 0.1848  1317 10 0.2002  1317 11 0.2156  1317 12 0.2233  1317 13 0.2233  1317 14 0.2002  1317 15 0.1617  1317 16 0.1001  1317 17 0.0693  1317 18 0.0539  1317 19 0.0616  1317 20 0.1001  1317 21 0.1155  1317 22 0.1309  1317 23 0.1386  
1206 0 0.144  1206 1 0.144  1206 2 0.144  1206 3 0.144  1206 4 0.144  1206 5 0.144  1206 6 0.152  1206 7 0.152  1206 8 0.152  1206 9 0.152  1206 10 0.144  1206 11 0.136  1206 12 0.112  1206 13 0.104  1206 14 0.088  1206 15 0.08  1206 16 0.08  1206 17 0.072  1206 18 0.056  1206 19 0.04  1206 20 0.008  1206 21 0  1206 22 0  1206 23 0.008  

7021 0 0  7021 1 0  7021 2 0  7021 3 0  7021 4 0  7021 5 0  7021 6 0  7021 7 0  7021 8 0  7021 9 0  7021 10 0  7021 11 0  7021 12 0  7021 13 0  7021 14 0  7021 15 0  7021 16 0  7021 17 0  7021 18 0  7021 19 0  7021 20 0  7021 21 0  7021 22 0  7021 23 0  
;

param t := 
2021 362 0.28298  
2021 1414 0.18765  
2021 1280 0.17299  
2021 104 0.360717  
2021 1800 0.273495  
2021 815 0.211128  
2021 449 0.316896  
2021 1317 0.111038  
2021 1206 0.269233  
362 7021 0.286395  
362 1414 0.361328  
362 1280 0.36823  
362 104 0.198547  
362 1800 0.226795  
362 815 0.301384  
362 449 0.123445  
362 1317 0.367015  
362 1206 0.348857  
1414 7021 0.195262  
1414 362 0.418967  
1414 1280 0.320106  
1414 104 0.50524  
1414 1800 0.253983  
1414 815 0.386104  
1414 449 0.314473  
1414 1317 0.128684  
1414 1206 0.0866499  
1280 7021 0.162088  
1280 362 0.373789  
1280 1414 0.251561  
1280 104 0.30402  
1280 1800 0.389925  
1280 815 0.151346  
1280 449 0.409511  
1280 1317 0.174639  
1280 1206 0.326713  
104 7021 0.361591  
104 362 0.188955  
104 1414 0.466288  
104 1280 0.296626  
104 1800 0.317955  
104 815 0.20616  
104 449 0.236454  
104 1317 0.401118  
104 1206 0.454158  
1800 7021 0.288511  
1800 362 0.198413  
1800 1414 0.234586  
1800 1280 0.394732  
1800 104 0.32889  
1800 815 0.370897  
1800 449 0.108471  
1800 1317 0.306306  
1800 1206 0.221513  
815 7021 0.222476  
815 362 0.311536  
815 1414 0.315351  
815 1280 0.153521  
815 104 0.212762  
815 1800 0.35812  
815 449 0.347258  
815 1317 0.236225  
815 1206 0.390503  
449 7021 0.322312  
449 362 0.114166  
449 1414 0.302465  
449 1280 0.394075  
449 104 0.232629  
449 1800 0.124416  
449 815 0.327356  
449 1317 0.376227  
449 1206 0.270667  
1317 7021 0.105382  
1317 362 0.37287  
1317 1414 0.125922  
1317 1280 0.236793  
1317 104 0.451404  
1317 1800 0.32372  
1317 815 0.301526  
1317 449 0.381934  
1317 1206 0.212572  
1206 7021 0.298143  
1206 362 0.34147  
1206 1414 0.106744  
1206 1280 0.431614  
1206 104 0.452705  
1206 1800 0.202751  
1206 815 0.499464  
1206 449 0.258133  
1206 1317 0.235428  
;

