param o := 1970 ;
param s := 6970 ;

set R := 105 320 344 819 849 850 869 2176 1306 ;
set M := 0 1 2 3 4 5 6 7 8 9 10 11 12 13 14 15 16 17 18 19 20 21 22 23 ;
param TTI := 
0 0
1 1
2 2
3 3
4 4
5 5
6 6
7 7
8 8
9 9
10 10
11 11
12 12
13 13
14 14
15 15
16 16
17 17
18 18
19 19
20 20
21 21
22 22
23 23
;

param TTF := 
0 1
1 2
2 3
3 4
4 5
5 6
6 7
7 8
8 9
9 10
10 11
11 12
12 13
13 14
14 15
15 16
16 17
17 18
18 19
19 20
20 21
21 22
22 23
23 24
;

param tf := 
1970 0 0.0637  1970 1 0.0637  1970 2 0.0637  1970 3 0.0637  1970 4 0.0637  1970 5 0.0637  1970 6 0.0588  1970 7 0.0539  1970 8 0.049  1970 9 0.0441  1970 10 0.0392  1970 11 0.0392  1970 12 0.0441  1970 13 0.0441  1970 14 0.0392  1970 15 0.0294  1970 16 0.0147  1970 17 0.0147  1970 18 0.0196  1970 19 0.0294  1970 20 0.0539  1970 21 0.0686  1970 22 0.0735  1970 23 0.0735  
105 0 0  105 1 0.0279  105 2 0.0651  105 3 0.093  105 4 0.1581  105 5 0.2046  105 6 0.2418  105 7 0.2604  105 8 0.2604  105 9 0.279  105 10 0.3162  105 11 0.372  105 12 0.4464  105 13 0.4836  105 14 0.4743  105 15 0.4185  105 16 0.3162  105 17 0.2511  105 18 0.2232  105 19 0.2325  105 20 0.279  105 21 0.2976  105 22 0.3069  105 23 0.2976  
320 0 0.0576  320 1 0.072  320 2 0.0912  320 3 0.1104  320 4 0.144  320 5 0.168  320 6 0.1776  320 7 0.1728  320 8 0.1584  320 9 0.1536  320 10 0.1632  320 11 0.1824  320 12 0.2112  320 13 0.2256  320 14 0.2208  320 15 0.2016  320 16 0.1584  320 17 0.1344  320 18 0.12  320 19 0.1152  320 20 0.1248  320 21 0.1296  320 22 0.1296  320 23 0.12  
344 0 0.0336  344 1 0.0336  344 2 0.0336  344 3 0.0336  344 4 0.0336  344 5 0.0336  344 6 0.0312  344 7 0.0288  344 8 0.0264  344 9 0.024  344 10 0.0216  344 11 0.0216  344 12 0.0216  344 13 0.0216  344 14 0.0192  344 15 0.0144  344 16 0.0096  344 17 0.0072  344 18 0.0096  344 19 0.0168  344 20 0.0288  344 21 0.036  344 22 0.0384  344 23 0.0384  
819 0 0.224  819 1 0.231  819 2 0.245  819 3 0.252  819 4 0.273  819 5 0.294  819 6 0.315  819 7 0.343  819 8 0.371  819 9 0.392  819 10 0.385  819 11 0.371  819 12 0.336  819 13 0.308  819 14 0.294  819 15 0.294  819 16 0.301  819 17 0.301  819 18 0.301  819 19 0.301  819 20 0.301  819 21 0.294  819 22 0.294  819 23 0.294  
849 0 0.0528  849 1 0.0462  849 2 0.0462  849 3 0.0462  849 4 0.0396  849 5 0.0462  849 6 0.0528  849 7 0.0792  849 8 0.1122  849 9 0.132  849 10 0.1452  849 11 0.1518  849 12 0.1452  849 13 0.1386  849 14 0.1386  849 15 0.132  849 16 0.132  849 17 0.132  849 18 0.132  849 19 0.132  849 20 0.132  849 21 0.132  849 22 0.132  849 23 0.132  
850 0 0.0868  850 1 0.0713  850 2 0.0589  850 3 0.0465  850 4 0.0217  850 5 0.0062  850 6 0.0031  850 7 0.0124  850 8 0.031  850 9 0.0434  850 10 0.0434  850 11 0.031  850 12 0.0093  850 13 0  850 14 0  850 15 0.0124  850 16 0.0341  850 17 0.0465  850 18 0.0558  850 19 0.0558  850 20 0.0465  850 21 0.0465  850 22 0.0527  850 23 0.0651  
869 0 0.153  869 1 0.153  869 2 0.153  869 3 0.153  869 4 0.153  869 5 0.153  869 6 0.135  869 7 0.126  869 8 0.117  869 9 0.099  869 10 0.099  869 11 0.099  869 12 0.099  869 13 0.099  869 14 0.09  869 15 0.063  869 16 0.036  869 17 0.036  869 18 0.045  869 19 0.072  869 20 0.126  869 21 0.153  869 22 0.171  869 23 0.171  
2176 0 0.1001  2176 1 0.1001  2176 2 0.1001  2176 3 0.0924  2176 4 0.0924  2176 5 0.0924  2176 6 0.1001  2176 7 0.1078  2176 8 0.1309  2176 9 0.1386  2176 10 0.1386  2176 11 0.1232  2176 12 0.1078  2176 13 0.0924  2176 14 0.0847  2176 15 0.077  2176 16 0.0847  2176 17 0.0847  2176 18 0.0924  2176 19 0.1001  2176 20 0.1078  2176 21 0.1155  2176 22 0.1232  2176 23 0.1386  
1306 0 0.344  1306 1 0.312  1306 2 0.272  1306 3 0.232  1306 4 0.168  1306 5 0.12  1306 6 0.096  1306 7 0.104  1306 8 0.136  1306 9 0.144  1306 10 0.128  1306 11 0.088  1306 12 0.024  1306 13 0  1306 14 0.008  1306 15 0.048  1306 16 0.136  1306 17 0.184  1306 18 0.216  1306 19 0.224  1306 20 0.2  1306 21 0.192  1306 22 0.192  1306 23 0.208  

6970 0 0  6970 1 0  6970 2 0  6970 3 0  6970 4 0  6970 5 0  6970 6 0  6970 7 0  6970 8 0  6970 9 0  6970 10 0  6970 11 0  6970 12 0  6970 13 0  6970 14 0  6970 15 0  6970 16 0  6970 17 0  6970 18 0  6970 19 0  6970 20 0  6970 21 0  6970 22 0  6970 23 0  
;

param t := 
1970 105 0.0270627  
1970 320 0.0782055  
1970 344 0.130932  
1970 819 0.184673  
1970 849 0.230847  
1970 850 0.238166  
1970 869 0.287783  
1970 2176 0.30613  
1970 1306 0.337291  
105 6970 0.0308033  
105 320 0.0511428  
105 344 0.10387  
105 819 0.15761  
105 849 0.203784  
105 850 0.211103  
105 869 0.239621  
105 2176 0.258771  
105 1306 0.289932  
320 6970 0.0945203  
320 105 0.063717  
320 344 0.0907331  
320 819 0.144473  
320 849 0.190647  
320 850 0.197967  
320 869 0.225466  
320 2176 0.244728  
320 1306 0.27809  
344 6970 0.140405  
344 105 0.109602  
344 320 0.0833434  
344 819 0.0537403  
344 849 0.0999143  
344 850 0.107234  
344 869 0.128504  
344 2176 0.147766  
344 1306 0.178442  
819 6970 0.191987  
819 105 0.161183  
819 320 0.134925  
819 344 0.0515814  
819 849 0.046174  
819 850 0.0534933  
819 869 0.0840823  
819 2176 0.103344  
819 1306 0.13402  
849 6970 0.234417  
849 105 0.203613  
849 320 0.177355  
849 344 0.0940114  
849 819 0.0424299  
849 850 0.0073193  
849 869 0.0365366  
849 2176 0.055798  
849 1306 0.086474  
850 6970 0.240077  
850 105 0.209274  
850 320 0.183015  
850 344 0.099672  
850 819 0.0480905  
850 849 0.0056606  
850 869 0.0274018  
850 2176 0.0466632  
850 1306 0.0773392  
869 6970 0.276832  
869 105 0.246898  
869 320 0.22064  
869 344 0.137296  
869 819 0.0825009  
869 849 0.040071  
869 850 0.028437  
869 2176 0.0192614  
869 1306 0.0499374  
2176 6970 0.316867  
2176 105 0.286831  
2176 320 0.267042  
2176 344 0.184483  
2176 819 0.129688  
2176 849 0.0872577  
2176 850 0.0756237  
2176 869 0.0471867  
2176 1306 0.029305  
1306 6970 0.327937  
1306 105 0.297901  
1306 320 0.290501  
1306 344 0.195458  
1306 819 0.140662  
1306 849 0.0982324  
1306 850 0.0865985  
1306 869 0.0581614  
1306 2176 0.0519214  
;

