param o := 943 ;
param s := 5943 ;

set R := 1589 948 1979 294 2008 810 141 1972 465 ;
set M := 0 1 2 3 4 5 6 7 8 9 10 11 12 13 14 15 16 17 18 19 20 21 22 23 ;
param TTI := 
0 0
1 1
2 2
3 3
4 4
5 5
6 6
7 7
8 8
9 9
10 10
11 11
12 12
13 13
14 14
15 15
16 16
17 17
18 18
19 19
20 20
21 21
22 22
23 23
;

param TTF := 
0 1
1 2
2 3
3 4
4 5
5 6
6 7
7 8
8 9
9 10
10 11
11 12
12 13
13 14
14 15
15 16
16 17
17 18
18 19
19 20
20 21
21 22
22 23
23 24
;

param tf := 
943 0 0.0931  943 1 0.0931  943 2 0.0882  943 3 0.0833  943 4 0.0784  943 5 0.0735  943 6 0.0686  943 7 0.0588  943 8 0.0539  943 9 0.049  943 10 0.0441  943 11 0.0392  943 12 0.0392  943 13 0.0392  943 14 0.0441  943 15 0.0539  943 16 0.0686  943 17 0.0784  943 18 0.0784  943 19 0.0784  943 20 0.0686  943 21 0.0637  943 22 0.0637  943 23 0.0588  
1589 0 0.1302  1589 1 0.1674  1589 2 0.2139  1589 3 0.2511  1589 4 0.3255  1589 5 0.372  1589 6 0.3813  1589 7 0.3534  1589 8 0.2976  1589 9 0.2604  1589 10 0.2604  1589 11 0.2976  1589 12 0.3627  1589 13 0.3999  1589 14 0.3999  1589 15 0.3627  1589 16 0.2883  1589 17 0.2511  1589 18 0.2232  1589 19 0.2232  1589 20 0.2511  1589 21 0.2511  1589 22 0.2325  1589 23 0.1953  
948 0 0  948 1 0.0144  948 2 0.0288  948 3 0.0432  948 4 0.0768  948 5 0.1056  948 6 0.1248  948 7 0.144  948 8 0.1584  948 9 0.1728  948 10 0.1968  948 11 0.2256  948 12 0.2592  948 13 0.2784  948 14 0.2784  948 15 0.2592  948 16 0.2256  948 17 0.2064  948 18 0.2064  948 19 0.2256  948 20 0.264  948 21 0.2784  948 22 0.2736  948 23 0.2448  
1979 0 0.0384  1979 1 0.036  1979 2 0.036  1979 3 0.0336  1979 4 0.0312  1979 5 0.0288  1979 6 0.0288  1979 7 0.0264  1979 8 0.0264  1979 9 0.024  1979 10 0.024  1979 11 0.0216  1979 12 0.0168  1979 13 0.0168  1979 14 0.0168  1979 15 0.0216  1979 16 0.0264  1979 17 0.0288  1979 18 0.0288  1979 19 0.024  1979 20 0.0168  1979 21 0.0144  1979 22 0.012  1979 23 0.0144  
294 0 0  294 1 0.021  294 2 0.049  294 3 0.07  294 4 0.119  294 5 0.154  294 6 0.175  294 7 0.189  294 8 0.189  294 9 0.21  294 10 0.238  294 11 0.28  294 12 0.336  294 13 0.357  294 14 0.35  294 15 0.308  294 16 0.238  294 17 0.189  294 18 0.168  294 19 0.175  294 20 0.203  294 21 0.224  294 22 0.224  294 23 0.217  
2008 0 0.1386  2008 1 0.1254  2008 2 0.1122  2008 3 0.0924  2008 4 0.066  2008 5 0.0462  2008 6 0.0396  2008 7 0.0396  2008 8 0.0528  2008 9 0.0594  2008 10 0.0528  2008 11 0.033  2008 12 0.0132  2008 13 0  2008 14 0.0066  2008 15 0.0198  2008 16 0.0528  2008 17 0.0726  2008 18 0.0858  2008 19 0.0858  2008 20 0.0792  2008 21 0.0792  2008 22 0.0792  2008 23 0.0858  
810 0 0.1178  810 1 0.1178  810 2 0.1178  810 3 0.1178  810 4 0.1178  810 5 0.1178  810 6 0.1209  810 7 0.1209  810 8 0.124  810 9 0.124  810 10 0.1147  810 11 0.1054  810 12 0.0899  810 13 0.0806  810 14 0.0713  810 15 0.0651  810 16 0.062  810 17 0.0558  810 18 0.0434  810 19 0.031  810 20 0.0093  810 21 0  810 22 0  810 23 0.0093  
141 0 0.081  141 1 0.072  141 2 0.054  141 3 0.045  141 4 0.018  141 5 0.009  141 6 0  141 7 0.009  141 8 0.027  141 9 0.045  141 10 0.045  141 11 0.027  141 12 0.009  141 13 0  141 14 0  141 15 0.009  141 16 0.036  141 17 0.045  141 18 0.054  141 19 0.054  141 20 0.045  141 21 0.045  141 22 0.054  141 23 0.063  
1972 0 0.0924  1972 1 0.0924  1972 2 0.0924  1972 3 0.0924  1972 4 0.0924  1972 5 0.0924  1972 6 0.0847  1972 7 0.077  1972 8 0.0693  1972 9 0.0616  1972 10 0.0616  1972 11 0.0616  1972 12 0.0616  1972 13 0.0616  1972 14 0.0539  1972 15 0.0385  1972 16 0.0231  1972 17 0.0231  1972 18 0.0231  1972 19 0.0462  1972 20 0.077  1972 21 0.0924  1972 22 0.1078  1972 23 0.1001  
465 0 0.072  465 1 0.088  465 2 0.104  465 3 0.12  465 4 0.144  465 5 0.16  465 6 0.168  465 7 0.16  465 8 0.136  465 9 0.128  465 10 0.128  465 11 0.144  465 12 0.168  465 13 0.184  465 14 0.184  465 15 0.168  465 16 0.144  465 17 0.128  465 18 0.128  465 19 0.144  465 20 0.16  465 21 0.176  465 22 0.176  465 23 0.168  

5943 0 0  5943 1 0  5943 2 0  5943 3 0  5943 4 0  5943 5 0  5943 6 0  5943 7 0  5943 8 0  5943 9 0  5943 10 0  5943 11 0  5943 12 0  5943 13 0  5943 14 0  5943 15 0  5943 16 0  5943 17 0  5943 18 0  5943 19 0  5943 20 0  5943 21 0  5943 22 0  5943 23 0  
;

param t := 
943 1589 0.18271  
943 948 0.0751878  
943 1979 0.273373  
943 294 0.31285  
943 2008 0.170688  
943 810 0.199849  
943 141 0.306598  
943 1972 0.373496  
943 465 0.242995  
1589 5943 0.186247  
1589 948 0.162724  
1589 1979 0.336742  
1589 294 0.353115  
1589 2008 0.235105  
1589 810 0.265003  
1589 141 0.449833  
1589 1972 0.523102  
1589 465 0.410741  
948 5943 0.0750705  
948 1589 0.172943  
948 1979 0.220962  
948 294 0.258094  
948 2008 0.115764  
948 810 0.149629  
948 141 0.306464  
948 1972 0.372761  
948 465 0.242328  
1979 5943 0.270409  
1979 1589 0.344066  
1979 948 0.242966  
1979 294 0.125429  
1979 2008 0.111403  
1979 810 0.146582  
1979 141 0.220013  
1979 1972 0.311479  
1979 465 0.16369  
294 5943 0.325784  
294 1589 0.362412  
294 948 0.262556  
294 1979 0.123804  
294 2008 0.135937  
294 810 0.176519  
294 141 0.331705  
294 1972 0.435069  
294 465 0.282411  
2008 5943 0.18246  
2008 1589 0.216101  
2008 948 0.124315  
2008 1979 0.105198  
2008 294 0.143182  
2008 810 0.0605913  
2008 141 0.298638  
2008 1972 0.35914  
2008 465 0.237237  
810 5943 0.207461  
810 1589 0.247935  
810 948 0.152228  
810 1979 0.139741  
810 294 0.169531  
810 2008 0.0551266  
810 141 0.266166  
810 1972 0.331966  
810 465 0.206965  
141 5943 0.286641  
141 1589 0.464249  
141 948 0.299102  
141 1979 0.203024  
141 294 0.334372  
141 2008 0.292708  
141 810 0.244105  
141 1972 0.140508  
141 465 0.092036  
1972 5943 0.366883  
1972 1589 0.550476  
1972 948 0.383412  
1972 1979 0.312209  
1972 294 0.439755  
1972 2008 0.369685  
1972 810 0.324034  
1972 141 0.128335  
1972 465 0.154937  
465 5943 0.210579  
465 1589 0.380934  
465 948 0.227227  
465 1979 0.16227  
465 294 0.287088  
465 2008 0.254139  
465 810 0.203351  
465 141 0.10663  
465 1972 0.172484  
;

